testlist <- list(cv1 = c(2.20358200826425e+161, 2.98153734741807e-86, -1.50607958992744e-18,  1.80919132486066e-149, -3.47913692231477e-121, -1.68139606184795e+105,  3.46920134708331e-79, -2.40847836782136e+63, -1.39457752369674e+150,  5.19668905540059e+302, 0.000130018329582029, -6.1470390079232e-89,  -6.62907084972686e-286, 5.38479674311111e-121, 3.93058254011884e-283,  NaN, 1.39325291732238e+54, 147124739513634, -1.68533414784673e+200,  2.49436745017498e-22, 2.68359021953769e-76, -2.31533857971876e+86,  -9.43273380114591e+201, -4.51933443372863e-274, -5.84614775283793e+145,  -3.76321018587765e-100, -1.19846462033039e-254, 7.13059457957684e+258,  -1.43710681261884e-155, 9.18074811966162e-182, -Inf, -1.12313119188681e+123,  2.29852541315285e+163, 4.50549009156965e+55, 3.33151280621944e-86,  9.34442584968157e-30, 7.30315964765519e-301, 3.00885866620698e+240,  5.14872453229983e-239, -3.51162323798146e+290, 192174539003317,  -3.39376496226634e+236, -1.21634356947747e+209, 2.13362097347231e-122,  2.16839250758062e+25, -9.73426686595744e+184, -1.94726712975436e-222,  -3.4744523102336e+282, -3.4576607052391e+52, -1.34089074031971e+100,  1.56124195455692e+197, -9.00799300009353e+166, -2.00503717415309e-22,  2.21866803838893e-46, -4.35323924778022e-270, 8.0994669328441e+151,  1.29375721965537e-21, -1.45210810456474e-205, -1.89057233561524e+116,  1.87314146548867e-35, 9.11983222196808e-33, 1.76718464189385e-285,  2.62428435643081e-15, 8.38158312496067e-246, -7.27237992847081e-143,  1.6384507664551e+183, Inf, 1.66195262498843e-289, -7.17919936217078e+152,  Inf), cv2 = c(-2.31878065081292e+48, NA, Inf, NA, 0), cv3 = c(5.0369956613387e+239,  Inf, 9.06223986986829e-192, -2.50632071421842e+41, 4.08622779139362e-262,  -1.13761758486056e-248, 9.59860281284911e-140, -2.5892275867163e+106,  -1.09320938641109e+131, -1.79936253764778e-43, 5.65333648478208e+40,  4.99603627027267e-68, 1.92303397873009e+218, 5.11916358675833e-35,  2.3969161645144e-35, 2.34859531337643e+224, 1.15178871033783e+94,  -1.48080173524862e-303, -9.09940259154473e-62, 1.32473598334819e-42,  5.34336655264939e-179, 5.50295375920233e+125, -1.8090045897027e-45,  -1.24854748245688e-234, 1.12930572151149e+256, -1.55336948469129e-186,  NaN, NaN, 1707.45912775053, -3.88011862560565e-90, -1.01124747338986e+248,  9.10065191766992e-33, 1922411247085.84, -2.43877849270943e-44,  1.62873983572367e-80, 1.25901078799973e+187, -1.42466359870254e-73,  -3.26810845002448e-227, 7.09622479986993e+214, -1.51860628725881e-216,  -3.84458231231189e-45, 5.94150981050292e+277, -1.3189037279373e-111,  -7.24427838172602e-261, -3.63037037533517e+52, -1.01227677866934e+23,  -6.44930232421082e-65, -3.01877403551976e+25, -4.24125274500334e+177,  4.45119512238056e-189, 1.08473762741745e+58, 5.2964883382283e-285,  7.02045104257671e-237, 4.67627766042558e-26, 2.40748213987616e-296,  -5.05023405074067e-46, -4.25725080181089e+214, -7.35432117822227e-209,  2.42959533365186e-18, 5.31330477121644e+146, 5.09080073129193e+145,  -1076129007638077, 46834992025039.6, -6.676612198922e-147, -2.3816797899151e-166,  -5.20832023707589e+69, 5.33523582087462e+253, 5.76597809700912e+125,  -3.55233155413858e+67, 1.90797192077199e-13, 4.29676078452166e+132,  2.2168182645138e-260, 6.36482520425045e-147, 2.22188108983366e-102,  9.24309149826617e+195, -7.47431075653366e+251, 5.64298918313671e+122,  1.2746504327956e+267, 4.28211289812827e-293, 2.95901733263116e-227,  3.50859906676486e+40, 1.81076614505857e-23, 1.95031852297646e-276,  1.31647679843649e+145, -1.80581071567955e+307, -5.92802436331595e-211,  -9.85336583746239e-160), heights = c(-3.06635098814117e+197,  7.54617742251378e-164, -2.63716170684302e-45, 5.70470337248063e-213,  -6.90055000983302e+81, -2.33708093778926e-111, -3.06300173242301e+200,  4.21632491854705e+67, 1.88669526515311e-24, 8.16075884095709e+92,  3.77923486518606e-106, 1.49625488475271e-159, -8.33026980484032e-12,  1.26439031592579e+29, -6.99069493121953e-40, NaN, 1.2147799361963e+120,  -2.05649760845363e+57, 2.8316011476457e+90, 1.26350041589602e-298,  2.26103905770402e+286, 4.85945561152366e+263, 1.18099592622919e+256,  -6.95333240572078e+152, Inf, 2275344989193.46, 3.95529266369202e+161,  -1.09809617158147e-160, -2.80135473293981e-148, 1.23933199485233e+185,  -1.05786353110643e+249, -2.38969581207988e+154, -9.69985831204022e+287,  -2.51770104857062e-83, -1.3422926886859e+286, -1.13613507180733e+70,  -6.77376780192689e+56, 2.67875151148178e-153, -1.08924398598207e+305,  -3.15357981948522e-104, -1.6152105142725e+302, -2.61602886350627e+281,  -7.5398145862338e-45, 4.46187431069002e-69, 2023733955201545,  -1.31946694903399e-153, 2.30179502685844e+73, -1.31946694903399e-153,  -1.83747972429504e-280, -1.82256172405686e+233, 2.4682981138673e-147,  6.09512320525612e+71, 3.09209963269587e+239, -8.49540249789879e+251,  3185938055450792, 3.21000671562709e+264, -2.78015638603207e-210,  -2.85994108349792e-64, 6.93648230163556e-250, 4.96336238420721e-21,  3.1484687019452e+184, -2.79583148751693e+291, 1.11354379907864e-258,  -4.24740129391295e-200, -42.9796408711706, 5.2131268779698e-59,  -5.1060009943313e+116, -8.08083735518405e+47, 2.82660093540896e-31,  8.21614440450534e-150, 8.92772996823159e+83, -1.93473756294659e-115,  7.744906240198e-191, 1.3672528898464e-215, -1.86960529137291e+121,  -9.28468092518276e+107, 7.87285442288459e-189, -6.29279009569437e+272,  -2.22111247067627e-183, -8.01786405937339e-219, 1.17806715802981e+99,  -5.68166291626066e-200, -9.10231255933662e+73, NA, -3.31434805654122e-190,  4.37996012551212e+151, -9.16539292817664e+154, 0), n = -1168580783L,      tmax = -567571528L, tmin = 851858551L, width1 = c(3.53203259111099e+68,      6.74260908119718e+295, 2.13738611727719e+237, 3.84495652844745e+253,      9.45383967916026e+260, 2.31015295932898e+297, 2.66538969034712e-29,      -3.1913985905994e+93, 6.28385206282749e-71, 49658580638506264,      -3.61425880433991e-169, -1.08775291501546e+213, 1.898468423749e-74,      -2.5945417830162e+237, 4.09998658264148e+251, 7.59018485893986e+56,      2.27433952244645e-94, -1.54737625878204e-80, 2.42062750842975e-117,      2.17838938696741e-39, 1.12716676397286e+136, 4.45889408024024e-220,      2.76108342228803e-135, -1.06148425539801e+276, 1.5608062383624e+167,      -1932178.16441998, 3.57789065554759e-71, 8.34471305313246e-298,      -6.91268789695701e+194, 8.03705612283919e-214, 3.52411390370743e+297,      -1.52960964490598e-162, -5.09006517732546e+224, -4.54998713572304e+137,      -2.61636252193773e+213, -1.02695662474408e+194, 7.44929051512261e-156,      1.55618078471681e-303, -2.26623279917509e-255, 3.84145209970566e-143,      1.41755162590684e-128, -1.02695662474408e+194, 3.60061297747964e-68,      2.38756065070024e+291, 6.73481664103046e-10, -3.81050244474698e-116,      1.62864173646027e+205, 1.275310897515e+165, 3.09429948656806e-64,      -8.99421941140955e-212, -1.87059196673032e+302, 8.56295283009535e-246,      4.30649455765685e+44, 1.10431474134799e-271, 3.23469615878393e+68,      -3.19147992741317e-58, -1.92652518417059e-230, NA, -2.11053675177385e+223,      -2.80539571200022e-137, -1.31794498023447e-169, -2.76869880513221e+70,      -1.55434107993543e+140, 1.4584299455386e-08, -1.31011786488582e-229,      -8.98221694055244e+118, NaN, -5.08199006226842e-15, -2.35391164602397e+169,      -4.58721693468261e-235, 2.86892210473415e-134, 6.66119281421606e+267,      Inf, -7.61588538667113e+265, 2.68914219247972e+219, -6.05638815781926e-302,      -2.3429490867727e+188, -1.05876527903228e-77, -8.55699020483409e+234,      -7.87144778019712e-258, 8.10115748380935e-275, -1.92814716258277e-138,      -7.87661236647535e+37, -1.03508267827867e-227, -4.17778912753171e-10,      2.98292227448998e-140, 3.65365577223092e-218, -7.75937255557863e-49,      -2.56097085429006e-247, -5.95061826456595e+268, -5.02075859200209e+290,      6.06454272706196e-159, 1.73601908026869e-256, 0),