testlist <- list(beta = c(4.79212291154048e-250, 9.60637084360072e+283, NA,  7.5237852778943e-133, -2.04487411959785e-51, 10.9345067732263,  4.13144201556705e+182, -8.40393096897214e-124, -1.71931330848151e-91,  -3.98832297126172e+298, -1.72121110193461e+187, Inf, -3.17527792159287e+212,  2.46667859116869e-86, 2.28393946356129e-55, 2.59435238785996e+241,  -7.22582527675169e-217, 1.19332100706673e+132, -7.27981286484918e+99,  4.54275966796705e-241, 2.40253181968106e-278, -3.60970586076332e+55,  5.50503779583268e+287, 9.25655737728814e+260, 1.04605174696511e+288,  -4.4694629616439e+285, -3.80852836383004e+121, 4.03822529379671e+81,  2.24933085208246e-239, -5.29460184341088e-202, -2.95649015643718e+65,  -7.30542942853672e+59, -1.54533096332541e+76, 6.63715323843657e+22,  2.38120591739431e-167, -3.30714814111543e+68, 1.49612666398753e-304,  5.92763247244698e-300, 7.38635892888145e-168, -1.50355849130314e+120,  7.79189537043807e-90, -7.86497255493703e+286, 4.51759444758205e+123,  1.34691502274029e-60, -1.87211214018436e-60, 3.63993254633641e-237,  5.72006140659017e-299, 2.88948288135357e+251, 1.63927996117561e+214,  8.41436942146831e-249, 3.0866943068786e+146, 6.64200953013091e-211,  8.02333399776015e-162, -9.81121896337603e+249, 1.65858972486813e+214,  6.44985967557696e+171, 2.53752375086282e+224, -5.20507372462404e+113,  NaN, 1.50712886437367e-55, -5.28210217420807e-140, -3.03975601780025e+168,  2.9051375558049e-216, 5.47527408382013e+116, 1.48608521537159e-263,  -3.46513552921348e+276, -26787953951748456448, -Inf, 5.07008292913763e+306,  -2.65910972012679e-237, 4.75701027696458e+290, -1.30987643422211e-205,  6128448941123941, -5.00992105764816e+172, 141.55125637396, 1.60464191672871e+160,  -6.43816105057669e-168, 1.23487065227391e-251, -1.86166436697181e-136,  1.39483564155368e-252, 3.64565681897759e+301, -6.40193026482825e+177,  5.52539270460206e+159, 0), DataM = structure(c(1.3412698350516e-68,  8.11547834820516e+211, 7.66228808760053e-113, 2.39559790732335e-222,  4.58223432323914e+260, 4.36381659746254e-261, 5.27306490536451e-223,  1.57496529582881e+254, 7.77998743612129e+282, 1.27196404113103e-101 ), .Dim = c(2L, 5L)), DataM0 = structure(c(1.12086660349181e+111,  5.30981753408604e-255, NA, 6.73254923465982e+140, 8.90005445674443e+201,  3571853778896296960, 4.96054161448532e-35, 6.74068931974558e+63,  2.54776534730461e+283, 2.72910153138211e+54, 3.16976105099136e-225,  2.60219817080102e-152, 3.0225445679211e-72, 2.0892855071181e-175,  1.08066524981532e+195, 5.82818480124938e+68, 2.32167502768687e+288,  Inf, 1.89020226952531e+68, 4.6977139924737e+19, -3.34682711599178e-83,  4.47894710482014e-60, Inf, 3.44909090060214e+184), .Dim = c(8L,  3L)), DataM1 = structure(c(1.35865095157461e+67, 2.35006125344762e-48,  2.24610257257757e-301, 1.35989775853665e-148, 2.45199866065122e+109,  5.44506555473498e-272), .Dim = c(6L, 1L)), offset = c(2.06675169403567e+171,  -2.72660126893636e+134, 8.66123192596321e+271, -104957.356427296,  -3.39235067006679e+149, -1.11547168076548e+306, 7.55464560482055e-134,  7.92828483617746e+135, 1.11989363268814e-110, -1.7099437843566e-184,  -2.63714519662436e+139, -2.66084212003345e+304, 4.63646405853943e+151,  -9.93670847661488e-60, -4069429395.50339, 6.30587954023718e-123,  1.35613270901382e-158, 1.63605155055932e-288, -3.99363215476609e+277,  -3.73281810994058e-251, 2.7155684758697e-38, 6.95443776271868e-34,  6.89434450144141e+146, -8.98470170255206e+250, -1.40670627571639e-145,  -3.41950484782015e+269, 134.672974783802, 8.04227785251704e-199,  2.11895902915201e+80, -1.7809424003177e+104, -6.26775118553454e-171,  420.257175886403, -7.68865122168832e+251, -1.03375926237539e+183,  -66756638.405165, 1.68323525744714e+99, -1.73442487525087e-26,  6.46190941882534e+205, -6.14604054064879e+184, -8.3385383815467e+190,  -2.15564585612757e+264, -4.00805403596974e+250, 9.39446810463837e-54,  9.05641601867165e+63, 1.14007325857256e-168, 5.13379708657782e+280,  -1.10275167058728e-17, -1.68488509282617e-69, 9.58885024191294e-179,  9.00860245744517e-52, -9.27187753462404e+50, -5.2645241814638e+73,  -3.01621065926092e-216, 7.27778357536075e+186, -1.64065512359808e-122,  2.62336266546875e+216, 5.35430009070533e+221, -11610.3154280657,  -2.42609627465525e+161, -5.39984340535582e-241, -1.46335922309223e-294 ), phat = c(-3.56770882826365e-12, 1.04996132665803e-97, -1.80439271659783e+301,  -3.06338253972224e+222, -1.28565784143559e-08, 2.70692236250244e-112,  9.01988346235329e+210, -2.32876017300618e-63, 1.52945162706772e+53,  2.53803953976768e-290, 1.39272912907686e-118, -3.33083993483447e+183,  -5.1366418318299e-203, -3.71659410937108e+144, -3.49391139337444e-168,  4.12627073977575e+269, 0.07440400824638, -1.07536128459169e+64,  -4.70908733669096e+152, -1.5411228105896e+131, 3.77197610725201e-57,  1.7432580916905e+161, -2.33669344914369e-302, -5.82592040646296e+72,  4.58076376234584e+68, 4.16886967346897e+295, 2.98064039257136e+107,  1.11193176285681e+300, 7.24864018469985e+166, 2.27331579559196e+113,  3.53008848856222e-215, 3.34753849432174e-226, -5.59518166062963e-77,  4.99994715506274e+166, -8687203445416328, 3.00895511416461e-90,  -1.30204345630634e+304, 1.55048152172067e+192, -1.64742884352258e+227,  7.71181620235565e-149, 2.84386339960675e+264, 2.63452200784318e-108,  -3.94447843685162e-255, 3.81059036329567e-158, -2.31402528085392e-114,  3.31982154334953e-271, -2.92462331304325e+304, 2735.21977325385,  6.80711524220835e-24, 8.45466658326558e-262, -1.4024713568572e+187,  1.49097761359966e+184, 7.87004386113014e+261, -2.94060723426046e-80,  2.3854170340177e+101, 5.82760395799198e-112, -1.58787716583598e-111,  -2.42630418936877e+73, 1.26617969294377e-218, 6.89750835371256e-208,  5.13885841785312e+199, 2.43532574564129e+204, 3.54839437827366e+215,  -9.28354601129198e-194, 1.14314209854513e+267, 6.09377801802891e-239,  7.80402703253078e-144, -2.49464533154562e+37, -2.11760324819135e+200,  -9.61678885485262e-175, 1.00714936820826e+186, 8.15998702303251e+184,  -1.19306134712254e-164, -1.58912938755177e+304, 1.08971568522749e-111,  -5.07961921905834e+101, 1.75736242542085e-270, 3.86980831977071e-155,  -2.65499783439376e-85, 4.01479811650013e-42, 5.01393750861549e+228,  -6.91706121213586e-153, 9.23128051645743e+141, 2.26012354209668e-286,  2.21598962246252e+138, -3.65348283417459e-150, 2.49436588940147e+37,  1.27153098580773e-146, -1.87621312436967e-176, -2.65236741170962e+95,  6.54955703351663e+143, 2.39995062070751e+40, -9.38935617411261e-130,  8.83355891537516e+118, 3.47728016275497e-237, 1.68262985925402e-153 ), qhat = c(-2.281017230647e-187, 6.22000001467438e-43, 5.97058467885884e+250,  8.50968563823164e+20, -4.92814534609943e-251, -3.26256367801187e-240,  1.22691513289909e-300, -3.32797551278256e-56, 2.66113080823487e+182,  -3.42589052500029e-18, 1.33079301362645e+24, 1.35456867266376e-63,  -8.54084378231131e-302, 7.14620312714533e+113, 3.88744237313108e+300,  1.50942700953641e-38, -2.70866322921787e-294, -3.01336378395367e+290,  -1.39449986297047e-14, -1.56436429852107e+24, 2.9101870598252e+152,  5.99769745998609e+49, -9.83416745730238e+156, 3.68306129865925e-180,  -7.20933739169058e-169, -4.01401792329887e+129, 1489458376010975 ),