testlist <- list(cv1 = c(-6.30866658647279e-220, -5.34820486795622e+115,  -5.52275308561464e+188, 2.11157971607728e+148, 1.09673684333385e-54,  -1.33975811682723e-100, -1.62931109552397e-111, -1.25890428009872e-247,  -4.69297498254926e-46, -9.41483171927611e-60, 7.45060894527449e+263,  7.93667037140858e+68, 0.00110730772075765, -3.04627266076674e+237,  -2.15472099156839e-190, 4.48078447927462e+108, -1.93005417962061e-38,  4.19587688486644e-134, -3.73288238382483e+109, -1.03110286831995e+271,  3.12448152140444e-214, -3.38943578015566e+90, -3.9181978221348e+133,  -1.65108328013901e+246, 1.89451168929665e-214, 6.48482193607368e+218,  8.72225692202661e+240, -2.33548073955111e-98, -8.76613863751983e+174,  -4.640768272234e-108, 4.51764008203329e+252, -6.81960581502946e+99,  4.9996723748313e-73, 9.53545081591331e-24, 2.12296678307592e-283,  -6.53846142150522e+56, 1.06099217928912e-71, -5.79813640471306e-157,  -1.97659550514804e-51, -7.44441709820067e-244, 1.32963937575826e-143,  -9.34007995978045e-248, -1.46322929952137e+205, -1.49007169498485e-263,  1.95060534402561e-253, 2.00947105556703e+102, 5.81270752220204e-90,  3.32167602966937e+76, 1.41100580549948e-125, -1.30732488953006e-250,  -5.39173085923405e-55, 1.21241419785637e+76, 1.87766507379371e+225,  6.93013280314653e+287, NaN, 4.05625456284468e-267, -3.24118580420767e-241,  -2.98189611323925e+32, -8.195270023608e-213, -2485466831.15345,  -2.58710003803158e-269, 6.66222534049546e+200, -1.71039861711306e+96,  -2.29628114560789e-10, 2.47780915254523e-196, -1.22898211447001e-298,  -5.91098779102061e+259, 6.16569917351902e-142, -2.55348675400135e+159,  -1.95259586357278e+88, Inf, 1.30348274075602e+152, -4.85915888017753e+285,  -2.79085323760224e+138, -3.39268561702417e-244, 1.52077581673825e+279,  -9.96988970679335e+132, 8.46277018628315e+164, -1.1661748467998e+211,  4.48813965974288e-287, 2.00211656458826e+72, -7.36109611386333e+284,  -4.0015057095542e-212, 5.62637186145755e+143, NaN, 7.15093988379842e-29,  -8.22747905232531e+119, -1.22468926836022e+145, -3.07808228666562e+275,  3.25177302314857e+266, -4.65159830316237e+161, 5.23352649853881e-23,  NaN), cv2 = c(5.13343730537091e+247, -3.02301637592302e+291,  2.53946338361733e-253, 6.96753960709312e-219, 4.70657671806522e-247,  -2.57813970526993e+287, 3.63290301509859e-146, -4.79868628020395e+122,  3.56146677275058e-212, 1.78667840204891e+225, 3.3371553704741e+248,  -38705851313223392, 1.82563453895051e-61, 5.02918479720971e+46,  3.51674516258726e+282, 4.55357867371792e-162, 5.35276512753089e+186,  6.86356242816552e-182, Inf, 4.3481318886131e-85, -1.95052047289206e-129,  2.30519803630542e-291, -1.45142605120899e+187, -1.81303314968442e-252,  NA, 1.03839101228645e-147, 1.59306173446226e+289, 6.25644566327533e-196,  -3.46065140865853e-74, -3.19418178921578e-180, 1.15485833135404e+129,  -3.64909172792909e+80, 677106782252.262, -8.22613081485506e-284,  -2.13409405092031e+82, 7.99444931011133e-17, -3.67250826652842e-103,  1.81689961941137e+199, -4.97352868297444e-282, -2.03257189128087e-282,  1.12340432205636e+306, NA, -2.247940334786e+230, 8.45432166593174e+235,  3.6647973136575e+304, -1.86520381616139e-54, -29393.2488979766,  -1.50455694244307e-240, -1.14571856929375e-275, -2.39695591693413e-267,  -3.10579999098182e+287, -8.87642905148766e-08, -8.24781962531541e+201,  5.39221738741694e-39, 2.51560338579252e-202, -1.69314356044926e+63,  1.1080053033227e+131, 3.60058121656934e-122, 0), cv3 = c(4.7575040161424e+46,  -2.90048524348142e-69, -4.11051744998737e-103, -8.72448094759162e-132,  4.18720666838702e+229, -4.47145223883869, -1.28663561514164e+189,  -5.54647547143874e-297, -3.97128066518967e-53, -2.29548068068142e-93,  1.59156851809694e+285, -5.30893443552347e+235, 3.51134111524243e+81,  1.02452476348927e-223, -0.982940411776083, 8.13936011693219e-293,  2.56617633023838e+68, -4.05775002033895e+92, -1.27600313934438e+76,  NaN, -3.91039816236157e-289, -5.46093135112926e+260, -1.04219124278014e+265,  -1.14167591058475e+125, -3.36699231464695e-173, -8.52543658989598e-48,  3.63980595919036e+95, -8.18212310971964e-52, -4.79132475053055e-250,  4.73268049240341e-66, 6.84093314151372e+100, 4.21982448713617e-14,  1.76229076676921e-208, 1.20751297436495e+232, -9.77577674454726e-28,  1.12007747786744e-68, -1.47491260522324e-208, -2.54072046271515e+268,  5.68671982745511e+223, -2.58391768091285e-91, -5.37630310819733e-190,  -7.66213105627024e-293, -5.28900574085755e-58, 1.81507329405952e+143,  -5.35720539265916e+191, 3.58453553572916e+161, 1.4435035020998e+97,  -1.76066058810713e+127, 1.96928622068921e-264, 5.37889256088824e-286,  -2.38232212465304e+85, 2.28510561784235e-233, -2.23040535445847e-78,  1.83268552978376e+192, NA, -2.92441752282131e+132, 3.54398732327315e-09,  3.02042012238879e+67, 1.49578398575708e+246, 7.99820419215105e+288,  3.74973151177027e-07, -1.97852063882101e+46, -2.00195694381536e-299,  NA, 7.19544713801498e-269, 4.33607566975082e-106, 2.12011882507257e+114,  -0.00158398533095629, 3.79750681884034e+227, 1.82629674643276e-207,  1.79973225346952e+287, Inf, 1.06324391513135e+280, 5.73416562442981e-147,  -5.22077894099408e+152, 3.6402129057947e+208, -5.94060955020385e-12,  3.53548420044453e-36, -7.49268861848975e+39, 2.73777264813738e-292,  8.44932385003615e+288, -1.46189537578863e-240, -2.78723672384586e+270,  7.48220579951905e-47, -1.80454766342793e+192, -5.09134121683445e-68,  4.04392061078037e-299, 2.24838475757348e-243, -2.85253147370514e-37,  -7.60081901044989e-174, -1.03663282360765e+125, 3.48739844119393e-131,  -1.7249243575173e-223, -1.46607380275648e+86, -2.91586652142019e-218,  0), heights = c(-2.74382297330112e-80, NaN, -1.45558111964167e+63,  3.87602996320841e-74, 8.73410150833496e-110, 4.66156979352157e-261,  -6.04013455688334e-295, -1.77963703279527e+56, -1.52351008487722e-288,  -1.26041001064086e-137, 2.56802379982977e-146, -4.70369880300289e-193,  Inf, NaN, -9.1514186727464e-268, -5.96472290132088e+110, Inf,  4.73275952914521e+166, -4.26467355426397e-277, 2.2170422246383e-61,  -Inf, 109979849318386, 0),