testlist <- list(fx = c(2.58362172256373e+159, 1.6778669366797e+226, -4.80028390634154e+261,  1.74917112869123e-22, -7.47622420631397e+66, 1.81674636719435e-35,  NA, -2.289355079614e-273, -Inf, 8.91063363539433e-08, -1.35438840036455e-221,  1.62361444808141e-297, 2.55477697997222e-11, -3.08920763340549e+293,  -9.70511915702097e+127, 2.601333766593e-69, 2.1401104179473e-36,  -6.84354751856146e-128, -1.65618188460475e-83, -4.79103998782908e-219,  1.60325493884674e-226, -1.10827713969031e-149, -9.96097869019421e+228,  -3.78915470810415e+70, 5.94595885945065e-34, 3.68051832897127e+52,  7.01788305738129e+90, -6.45781874277301e-77, 4.33604354877827e-244,  -725390252583.885, 2.17795671361812e+243, 2.55105107684124e-244,  9.56126942102702e-289, -3.68967866376204e+303, -1.08324874386829e-243,  -2.62640937555063e-14, -7.74432116844339e-187, -4.41221728124207e+235,  -7.39167628055881e+230, 3.53746341976721e-12, -1.82515754166109e-72,  -1.6756443155988e+198, 1.57057318512006e-23, 2.72454031243746e+270,  -3.05275212378163e-183, 1.81000901705366e+194, -3.17134154506913e+32,  6.86883468485216e+176, 12821393707702930, -3585912868392713216,  -3.77352610932006e-199, 2.73320904295791e+103, 1.32932951904435e+47,  -3.18162777495317e-198, 1.57057318512006e-23, -1.36075210826771e-19,  -9.67114900728423e-172, 3.51503128532424e-159, -3.51482863111921e-306,  1.2344302773069e+297, -1.40202850477629e+232, 1.85258096902348e+264,  -1.6859067757125e+50, -6.30123008067488e+273, -1.36169533410762e-160,  -3.90079724944973e-267, -1.61819934468806e+70, -3.24863447437006e-212,  -1.07522288430025e-75, -3.20601412505185e+64, -3.17842984423307e+24,  8.79677249446217e+20, 1.41408688288082e-259, -5.92327949263466e+253,  1.18294071368631e+179, 4.9073120476493e-147, NA, -1.96320063596638e-32,  2.07139381740153e-288, 0), group = c(2.63959280439659e+276, -1.04252363563133e+270,  1.53617765741529e+182, -1.961104381385e+131, 4.0665342656132e-84,  1.00434420723728e+282, -6.3612420403126e-204, -1.28769961189992e+235,  7.56754422768011e-71, 1.16703284352306e+212, Inf, -7.72140345765612e-299,  3.9437027104108e-127, 2.34557060991839e+242, -1.67643821039224e-294,  -6.26699471753101e+29, 9.51715701458878e-262, -4.08684522722688e-114,  -4.08732441184059e+44, 8.66522613186424e-63, -1.9778325466767e-119,  2.42787692157968e+224, -1.51724935778306e-170, -2.29674510040298e+230,  -5.61587935628559e+304, -7.25171537414885e-100, -3.9331331842005e+193,  3.78897721291529e-54, 6.87029408181836e-136, 9.58543353281955e+169,  6.16862710819274e+113, 3.61293333393471e-269, -6.87065807916187e-98,  2.59115006605448e-212, -9.93280609906953e+296, 6.29819142288938e-248,  -6.94440007864632e+80, -1.9870973407009e-166, -1.62031645112925e+170,  -1.33231361247445e-220, -1.51468877414868e-165, -7.67682073855586e+203,  -4.10339667604376e+189, 4.68151176891195e+244, -1.1825851688671e+238,  -1.94228404412064e+143, 5.81418984787756e-210, 1.01647431360356e+225,  2.29535056841508e-10, 3.6648315359413e+158, 1.02681568067494e-226,  -1.08802558629936e-257, 3.39751516814395e+44, -1.99757059922683e+24,  2.61522082954146e+29, 6.35871651116421e-167, 6.00898086867181e+218,  1.02834143732049e-285, 1.67962830736565e-30, -8.34840219117199e+229,  3.67782339942598e+170, 2.72929762264047e-271, 2.95469645315514e-162,  -2.61971163965577e-272, -2.36220644121838e+185, 1.68123229498042e-88,  -3.23477157993934e+212, 2.40717578946179e-131, 5.15923104093952e-292,  -7.87793179539565e-114, -1.16453819268152e+63, 2.23670043972702e+51,  1.46041485405023e-225, -7.68563824202828e+267, 8.52285603133545e-102,  7.25969016799435e-147, 1.34989715190108e-152, 1.85956560627828e-145,  -4.92916090967807e-79, 1.20936953359956e+262, -1.99757059922683e+24,  8.95022921164574e-70, 9.52634913035042e+136, -6.57111355317226e+253,  -1.32843550295656e-246, -1.99757059922683e+24, -6.33985419039079e+187,  1.2210863177457e-229, 2.94517182839508e-124, 1.04681704241268e+155,  -Inf, 3.57545903522356e-208, 2.81439863703945e+247, -5.63208488771427e-55,  0), n = 96209979L, y = c(3.72019927878134e+102, NaN, -3.3418980535818e+144,  -3.27047240617221e+135, 1.6903595913968e-306, 3.13448112358213e+118,  1.08435419028206e+139, 4.03766742167786e+250, 1.2879827519694e+29,  -9.9427319492747e-115, 1.70411937505328e-156, -3.43193692785505e-167,  -12436572743632635904, 2.28822059441905e+171, -1.348315871307e-110,  3.9097629037176e+248, -1.74482694478822e+292, -3.57066070996579e-131,  -9.39133786892201e+272, 3.92166903408146e-255, 2.09158204166563e-201,  -3.45369786332518e+186, 1.09347444601063e-55, 5.33380786186823e+230,  -1.00404388724189e+301, 0.00406969166959794, 7.90493574449298e+150,  4.38244653749544e+48, -2.55255490300452e+91, -1.44823194200779e-223,  -2.64452641561976e-293, 1.19918753133773e-253, 1.45957062064432e-123,  -2.6683845291481e-87, -Inf, 1.81074064726183e-181, 4.07075789724071e-249,  -3.62137184554803e+126, 2.11904670233769e+202, -5.66251080131243e-50,  -1.01850697884471e-299, -7.74559650134891e-91, 6.36833536357986e-21,  326328458770522, 1.60303420741302e+140, 2.7108984044609e+22,  1.75448729654121e+210, -2.04304595609263e+240, -Inf, 1.3614931861553e-76,  -1.21385209590185e+301, 7.52366447878181e-85, 5.11924464401525e-231,  -2.14682622883023e+103, -4.54328428498767e-183, 5.66755169734935e+54,  1.23423714065483e+198, 1.51740767176626e-101, -1.46953539576039e-209,  -2.18794597960854e+88, -7.35651992107135e-13, NA, -2.45715362055896e+118,  6.04218398491785e+78, -1.67510349683445e+220, NA, 1201921064936469504,  8.20374156899761e+117, 3.44453655612034e-77, 4.6094488523289e+275,  -4.52651874515031e+195, 1.42796767667539e+248, 1.02235691633499e-203,  -1.96617058320191e-213, -2.29198085265533e-181, 1.19142069418154e-296,  5.19610589368778e+301, 1.29978084449204e+39, 0))
result <- do.call(clogitboost:::likelihood,testlist)
str(result)