testlist <- list(failures = c(-3.37265249637011e+84, -6.85382187266369e-38,  -2.19708854089357e+64, -2.07043390509466e+50, 1.44077703927573e+97,  1.67748521401761e-241, 1.47591512584449e-232, -1.62553094814549e+275,  492901793398048960, -1.81248831179853e+218, -8.6743369117035e-147,  -2.15370661674474e+214, -6.66853772612214e-95, 7.2750751802088e+222,  -3.44442482778688e-180, 1.82579359346643e-143, 5.79348803929112e+187,  2.37481645680953e+107, 6.27214188942496e-263, 1.92955189848328e-32,  -4.38728327106923e-28, -3.10712821018056e+103, 2.74059647057415e+299,  5.20122303327688e+250, 6.27214188942496e-263, -3.50489871958644e+92,  -Inf, 8.36399434139507e-218, 2.27228980929138e-25, -1.57017626710574e-46,  1.4043338608279e-133, 2.71267782758655e+175, -2.37611526628023e-166,  4.00057978447399e+77, NaN, -2.76962721415595e+250, 1.3883093930027e-208,  4.79034005889581e-10, 6.27214188942496e-263, -7.21823007157467e+188,  0), nsites = 1317049295L, offset = c(-1.26492731102213e+78, 1.88114254358655e+26,  7.57594269414415e+53, -3.31003494247885e-279, 5.41965318788527e+136,  -3.53826228645298e+62, 2.52830570999515e+102, 3.68789975541605e+96,  7.85202104212999e+223, 1.73720847739789e+296, 6.89489882583837e-130,  6.57603314666014e-117, 6.12278037364543e+277, -2202172532246720000,  2.34955349140431e-12, -16242924805391.1, -Inf, 1.08682020769687e-218,  6.46248563489413e-93, 780.007703203827, 9.94625555783815e-08,  -3.07692142296348e+243, -6.96672628338744e+265, 5.69806233884961e+265,  4.23549636928088e+96, 1.56071982849939e-230, -1.42430020996782e+58,  -5.37632583423065e+22, -2.53534071314066e+36, -1.21235228003984e-160,  -1.02014667437132e+163, 1.12931322561905e+88, -2.88712559604534e+207,  1.00066030659052e+74, 5.63908764718388e-242, 7.97478788547511e-39,  -7.59223370186914e-41, -3.00068610920712e-221, -3.58030448638716e+300,  -1.24262992370704e+285, -1.33283651744054e-253, 3.82465061590618e-94,  -316.591420606069, 1.23502543102282e-211, Inf, -2.48993766259705e+71,  -1.36941646980538e-162, 6.23673547481959e-146, -2.63069231754537e+247,  -2.2005751993428e+291, 5.70073443169884e-05, 5.87965251644449e+273,  -7.44043923749847e-275, NA, -5.50703827747278e-155, -1.07291504043873e+201,  -7.51683284802749e+301, -5.51553146113113e-196, 5.8926026421537e-242,  3.02986353447512e+272, 7.79675104111701e-119, -2.9398856194207e+81,  7.35770975192082e-13, 5.19408513229835e+253, 2724.1630773295,  -7.20426877060588e-178, 9.79333787907364e-213, -2.75037380242377e+270,  3.66305359071298e-12, -1.33673236455156e+138, -2.2452341437754e+299,  1.43094337008795e-172, -7.30597012324251e+289, 9.58205455090458e+131,  -1.44098133819534e-269, 2.01069473478752e-212, NA, 2.92164141199198e+147,  2.88857779123811e-164, -3.12181315944895e-102, -2.46190374154352e-134,  1.87465991000411e+270, -4.64674789951939e-300, 3.75587477677395e-187,  -6.75452138156911e+180, 5.83921787622159e-304, 3.11428118200497e+288,  1.52878715615616e-43, 1.88383900215335e-197, 1.59565024910235e+258,  -5.76129944002885e+162, 0), phi_tune = 2.58076039794858e+171,      phi = c(-8.51718882997972e+107, -1.60332560126921e-49, NaN,      -1.24912347219686e-140, -1.94724145158425e+39, 7.58111424869945e-207,      NA, Inf, Inf), rho = -3.38673342990471e+166, tau2 = 2.80499507239667e+169,      Wbegfin = structure(c(3.39602997710247e+87, 9.90762265320378e-125,      1.10027021512673e+297, 7.47455206246462e+263, 1.72863939907101e+263,      7.18625522477238e-153, 2.57882472879521e-207, 2.44002921514097e-96,      4.31835592468339e+93, 2.49869763646699e-278, 4.15718386656257e-77,      7.97910025036348e-118, 6.16295765561554e-181, 3.79544357924218e-247,      1.05784567310305e-158, 7.31398091042076e-78, 9.57280201279013e+64,      1.71232973978539e+38, 6.22872752885214e+212, 7.50944079344563e+262,      4.58681521768342e+181, 2.65275669171253e+140, 2.11470494504858e-201,      1.80459665397372e-121, 2.48510873047235e+173, 1.8066646692071e-66,      1.19560213224747e-40, 4.97409659395499e+138, 3.52981531623685e+303,      2.7058797524048e-163, 5.81828060909997e-115, 1.37580742781893e-57,      2.5650300965094e+43, 5.68977565403547e-154, 1.10334157110014e-25,      1.52348999056164e+252, 7.5866554343696e-204, 3.40882462024887e-186,      2.47909850737841e-24, 1.413833865013e+41, 1.51126161848985e-199,      1.3051158878761e+281, 6.11308356315657e-170, 2.11743782187729e-82,      6.19836557834346e+215, 9.90382757515411e-108, 7.59720314455098e+84,      2.62186042837711e-61, 6.4251947566603e+225, 4.33166157981359e-271,      1.32788002797366e+59, 1.90523317660325e-121, 3.80096751985935e-207,      7.69100309679637e-86, 4.95379590576727, 1.21142303605245e+189,      2.5462805822085e-173, 1.53837939785497e-295, 4.9338993121582e-125,      5.2921011349852e-95, 1.68955607041439e+200, 9.68084368711572e-294,      4.59048467217232e+60, 1.23674248409645e-90, 5.43400921989747e+101,      7.15392727035322e+190, 3.13929569888247e-78, 1.26502636965102e-288,      2.94356463825606e+229, 3.76412698640329e-73, 6.13532447571587e-88,      8.90850799635172e+67, 1.38837059781157e+104, 2.46102605961896e-113,      2.32328008092775e-42, 5.62064512249724e-97, 3.02304468990659e+90,      5.01242713318843e+124, 1.34149609667855e-193, 1.29364074433007e-210,      3.43886383831374e+115, 1.16126482649965e-285, 3.71515021420758e-24,      3.38378385670134e-174, 2.90752574337695e+137, 5.08198953925202e+192,      2.06414161941072e-185, 1.78111192057523e+291, 4.99344451877663e-88,      6.2152161247431e-32, 4.61584733685339e-278, 2.35096571686526e-08,      3.176607991862e-147, 4.21343490651708e-256, 2.13146417335159e+273,      5.07453657100568e-276, 6.69677185223469e+91, 8.00916369233793e-197,      1.39638916448665e-141, 5.09249733805866e+31), .Dim = c(10L,      10L)), Wtriplet = structure(c(1.05167328464012e+51, 1.94671189039719e+137,      5.17224764517936e-42, 2.67395421234119e+255, 5.31695512426663e-163,      1.93127942638329e-199, 3.57914606895803e+68, 3.53502619165592e+200,      5.38930233519703e+282, 1.48539331600532e-105, 1.62895027796267e+213,      5.37455398183138e+54, 5.05724731333817e+56, 1.67167130192743e-127,      8.37216649674146e-80, 69707233407955368, 3.01516474180741e-290,      1.01632193087384e-112, 1.78848706932268e-190, 1.78049893908947e+75,      1.16278948382651e+271, 6.26239514278172e+198, 2.97812596959791e+32,      8.30012501842987e-60, 4.76240003662515e+239, 5.1576393570425e-112,      1.91933080774202e+56, 5.54655590019179e+295, 1.06920284426345e+77,      2.14816458197984e-255, 2.66450286488616e+293, 5.12240327669429e-257,      0.00811898501243381, 5.05595207920576e-195, 3.20643548547907e-280,      2.19397874192277e-298, 1.67958324427531e-68, 9.39748865184414e+105,      9.49542821446916e+298, 3.35375775445581e-73, 8.48784286802236e-239,      4.38876937250032e+226, 2.4922141279022e-193, 1.00561908220474e-237,      4.72130038932483e-111, 4.78533682338001e+112, 7.85821022269979e+138,      1.40783912069395e+67, 2.55611497854563e+236, 6.09225060369274e+174,      1.14946646498291e-174, 6.02697751044544e+144, 6.13541254409163e-50,      2.12817353439414e+304, 2.48559463595134e+230, 6.49703248190533e-30,      1.2494453085451e-125, 1.48372492700211e-54, 6.34365999447682e-206,      1.47420829859292e-300, 3.81448818513414e+245, 3.89154910409124e+292,      7.81416028397274e-253, 8.60083040052002e-289, 8.40424387939081e+285,      1.717590760615e-209, 7.7317034818584e-253, 1.60937735209131e-98,      1.46155099762765e-219, 3.74347147055934e-136, 2.67915122487878e+87,      6.66963998122935e-255), .Dim = 9:8),