testlist <- list(x = c(2.15689187568125e+273, -7.96728375646771e+78, 5.35466628654489e+82,  -4.41660374749278e+297, -6.05479570664832e+256, 3.76039911505687e+43,  -1.28773746080099e+110, -7.52230065320895e-241, 2.82819795584489e-74,  3.48529961162542e-86, -2.20899142089447e-83, -4.51150244798788e-176,  -8.68696458221734e-197, 2.75315757428724e+230, -2.82168588082593e-189,  -6.15819811969769e+43, -7.08672370924073e-174, 5.89054131912366e+168,  -3.43543435760848e-20, -1.13673669270898e-308, -2.53516002514983e-287,  1.66575842892179e-294, -6.20539443706613e-253, 2.31584709857532e+196,  -1.52753163245093e+121, -3.35337876586796e-280, 3.06341660278509e-236,  2.93210663430228e+96, 5.07055844775499e-131, 3.60137211005381e+206,  NA, 7.69177197288591e+186, -100497583661262720, -2.75655588008921e-180,  1.2366906894975, 2.20133464963642e-275, 206.426592989519, 4.58692850398965e+194,  -1.71105081760845e+267, 2.18659258306333e+286, -4.17560302535056e+99,  -1.44171792825509e+211, -4.53388977806924e-74, 5.18009058187391e+31,  6.43420348004079e-51, 1.16155783131842e+258, -1.22130570370597e-90,  -8.37520169345877e+182, 3.29881836009858e-100, -1.71554515155351e+167,  -1.90281148632555e+114, 1.85235826357952e+273, -9.23963574282231e-290,  8.19743718260271e-22, -2.07527460230564e+264, -3.57563677747245e-150,  -6.43170544698963e+209, -4.61938086658469e+42, -2.18350881582223e+210,  2.12798939644375e+179, -2.90112803461777e+110, -7.88646839132371e+146,  -6.51449394564979e-173, 6.24572073214526e+301, -1.30719196156232e+234,  2.24683486500703e-188, 7.00843920096885e-253, -1.5147545782548e+185,  Inf, 3.38763720188169e+214, 6.8302725076754e+285, 5.30747778093233e-137,  -1.3844240497931e+134, -5265697655289744, 0.00320699426807164,  2.17448786692836e-177, -4.40608365988387e+294, -6.64809961880205e-191,  6.11795648302314e+295, -1.56245009428557e+79, 4.61045086508969e+112,  -3.92451824539906e-197, 3.21838666754048e+140, 2.93055347798725e+299,  -1.60893204246711e+122, -2.60050447319077e-44, -1.896111676306e+242,  1.697563240066e-230, 1.638205561514e+254, -5.27190233907757e+198,  4.74115295454895e-175, -1.27032188347587e+139, -2.66420963465894e+153,  4.41653818495471e+140, -6.41459814729406e+82, NaN, -1.30568074973059e+45,  363206533130.622, 5.29642589297436e+42, -Inf), y = c(1.92615259684327e-139,  -1.4338670182275e-269, Inf, -7.67272295911021e+236, -Inf, -8.73921635583332e+192,  Inf, -1.47002699282445e-49, 0), z = c(2.24177515636839e-282,  -1.21186457116318e+197, 5.29858311106591e-270, 9.7257077258897e-274,  -1.79887367343141e-258, -1174152975313.88, 4.09538984530487e-39,  -5.00277588025488e+197, -2.8390973227558e+229, 2.69663893193653e-257,  1.84262675787346e-207, NaN, 3.25932666831343e+43, 3.435761839766e-303,  1.37817707541798e+97, 3.05040247075862e+103, -4.34777220420648e+80,  3.35803523647601e+299, -1.62933435143612e+243, -4.37772311667449e-269,  -1.86225763053866e-78, -8.20858285778307e+176, NaN, -7.94658430425482e+120,  1.50401621417741e-285, 8.58382578338533e+163, -3.54197025375387e-254,  -1.97277505635869e-273, -Inf, -4.39130274796705e-121, -3.61054458309175e-302,  5.18266247884845e+295, 2.68083146513864e+247, -4.975618470804e+61,  9.20824968118562e+206, -1.64195050983892e-196, 9.2487858405303e+295,  6.95482219409891e-15, -6.60614484363928e+153, 4.63624510932308e-120,  -8.74357406135381e-146, 4.81261923579737e-27, 4.37228276673166e-266,  -5.72650060250764e-08, -1.49862355948943e+132, 5.17170491506106e+256,  2.63025556501713e-172, 4.88162503121475e+115, 1.3154820286962e-76,  4.22826524129572e+275, -2.15868353307137e-169, 1.14700490705161e+265,  1.19180774951907e-87, -1.07656416293914e+104, 1.04407991120422e+97,  1.32236433146317e+248, 6.3750949932668e+229, 1.08696191874275e-94,  4.35555300655459e+279, -7.38273295815347e+80, -1.04448093016572e+293,  -7.65707563464047e-202, 2.75477615296911e-139, -4.44991638470215e-107,  -1.29802532100783e-275, -1.77926247185193e-275, -7.33838826857407e-226,  -1.19491953155316e-47, -1.40627376323727e+266, -3.5461489544467e+264,  2.43549037053514e+266, -9.32555352035953e+198, 8.90662426596991e-110,  -1.19986156776155e+308, -1.21747344599361e+238, NaN, -1.14745962343844e+111,  4.99456302835007e+42, 2.71732042458483e-127, 2.69736020365334e+204,  303339073178140, -3.76014800985423e+264, 1.12836363982453e+303,  2.3535392967793e-247, -2.5673497128388e+257, -2.9681635999206e-168,  0))
result <- do.call(BNSL:::cont_cmi,testlist)
str(result)