testlist <- list(beta_tol = 3.16499238420213e-38, beta = c(2.42723774121938e-180,  2.71379408558098e-129, -2.99574316180368e+172, -3.92218442701392e+180,  3.87644683863415e+40, 2.87529519465824e-21, 2.1613714735693e-216,  -1.24268282218984e+93, 1.1295944748571e-232, 3.92159577538232e-79,  -15667.1775954664, 4.57084549186976e-49, -1.25757101230842e+73,  -8.79373529590978e+217, NA, -6.91902272399548e+224, -1.16799430317206e+232,  -1.9654566928719e+138, -2.97633622985238e-92, -2.12534603551549e-12,  3.06886759116986e+143, -3.91468555641316e-243, -5.48275336426756e+103,  Inf, -3.80097643545023e-13, 4.66046102560888e-69, Inf, 2.34419643426571e-253,  -1.24479898333526e-108, -1.64217809273048e+131, -2.8470716728564e-150,  4.23066581849164e+207, 2.48183270265646e+47, -Inf, 1.38680336694119e-275,  -7.75061828491447e+242, 5.78199949171137e-237, 6.2320075141858e-30,  3.59913256350067e-219, -1.27000634718051e-269, 1.09457818701388e+240,  -3.14298318954663e+178, -2.74505505312392e+143, 4.27914432640749e+225,  0), eps = -1.70106446217883e-266, gamma = 7.56032999167439e-26,      lower1 = c(4.80296800511319e-280, 2.79116244615456e+80, NA,      2.10189853902322e-146, -3.0386312246719e+111, 1.0015300692622e+155,      5.48808688325419e-286, -0.285796806779025, 3.04072249260674e-162,      8.52171475431224e+151, -2.56101348379959e-166, -3.89638019146403e-120,      -Inf, -1.18677683165762e+78, -0.0070579978543403, 1.01764283792884e-153,      2.31049250113662e-29, 0.000475019551220907, -2.14715942230822e-215,      4.73445540015647e-268, 1.61816297675879e-44, -2.2783741403394e-20,      -4.81213600522781e+277, -6.96077798240833e-217, 1.42246777598496e+132,      1.93259016145597e+205, Inf, 1.1903241478315e-153, 5.15897917174239e+27,      12158178178.9569, 2.84037781763615e-159, -3.06676274066336e+159,      -6.00482328731923e-68, 13694881391845660, 2.57162677046587e+252,      6.98340641672913e+38, -1.34513928891861e-94, -7.62843731543439e+115,      7.93549018518072e-67, -1.56904429473553e-06, -4.51339867130122e-71,      -1.37339866931779e+162, -1.92924423519513e-299, 9.60971142229059e-207,      1.61135489440036e+23, Inf, -3.13105276077444e+129, -1.55626135480187e+125,      -1.69345675165934e+72, -3.72726049420217e+110, 2.44962578801496e+196,      1.26273368274189e+275, 1.21110423237226e+291, -3.61009057836982e-292,      1.38479849806617e+55, -2.10570181709485e-116, 4.72677924666744e-137,      0.0041860451270603, NA, 5.90832415503518e-156, 2.48028769695567e+128,      1.81977326957772e-91, 8.72868732528511e-105, 1.02592543161017e+62,      1.23327161965818e+230, 1.04186461758253e-08, -8.92981247865328e+85,      -0.978626555777671, -5.71130873268642e-117, 1.72206506330693e-136,      1.30550421113247e-244, -5.03480096093107e-303, -3.02588612194812e+149,      1.19698706936075e+286, 2.41639082772843e-164, -7.35839911619416e-214,      -7.0172956479681e+264, -2.10534347608629e+235, 5.65780108301321e-211,      -3.55382812226257e-307, -1.71859904303365e-146, -1.5204782054853e+150,      1.47951539757314e-26, 3275319846595088, -2.80025885434886e+227,      1.70511801332388e+61, 1.13229789023651e-153, -2.19104224245724e+160,      7.73894090364282e+56, 694953712.139485, 0), lower2 = c(-3.6763093625191e-69,      1.92430638783797e+304, -2.54783489297397e+255, -3.35089318818035e+72,      8.10025615446989e+78, -4.35803245378201e-244, 7.33766360642965e-16,      -1.65729122766385e-30, 7.67481076491859e+144, 2.47976689138235e-190,      3.20119432918343e-59, -1.57939517967839e+271, 3.35419034392447e-218,      3.09581969478798e+284, -4.12287870525749e-196, -6.7083069619851e+90,      -1.15603236846106e-273, -1.73811285114842e-66, -8.94587265417823e-253,      -1.12391559079361e+294, 3.06853833880873e+59, -1.82987742001658e-301,      4.2742538550215e+117, 1.22133203462182e+303, 2.41877518888279e+30,      1.59010880690145e+173, 8.34430859551606e+124, -2.10162654210137e-204,      -8.71716082687656e-112, 8.71177294354951e+246, 1.89054601238843e-23,      -1.31449281603385e-141, 4.12515305384922e-193, 5.10381642366266e+72,      1.48856188071141e-194, 6.85517731631319e-280, 3.10449166673684e+150,      -1.32830248103119e-64, 3.6769376264889e-251, 2.54960887968084e-154,      5.96158477894773e-139, 7.36529734548126e-124, 1.88666733394465e+64,      -5.11930237065884e-245, 8.85206430027402e+70, 5.30962521273722e+87,      2.26049777874292e-137, 3.94462601611714e-265, -3.02926915378927e+231,      2.48947035541347e-53, -7.00089947983986e+146, -1.10940102663492e+247,      2.99318891101268e+163, 1.58620687817446e-187, -1.3488443786403e-217,      1.0520598576512e+282, 3.32402859454346e+145, -5.20384262822009e+236,      -1.63840688748204e-37, -4.89263974829027e+49, 1.19575828174585e-231,      -2.46963268770116e+97, 3.86322533936114e-142, 2.98758950660134e+220,      -3.29991038325646e+158, -7.42460311183332e-184, 1.32430691989761e-60,      6.03542375583808e+177, 0.938344505018054, -5.07005083069652e-152,      -8.86852375759329e+116, 32969.29641835, -7.10155115711865e+294,      2.53909764367306e+227, -2.14653603055366e-230, -4.19499293534812e-191,      3.73876976943846e-53, -1.44875968834628e+69, 9.23057709940318e+169,      1.03390599792008e-100, 1.6956205856817e+240, 3.24520940982959e+209,      1.95707709247271e-221, 61076.7736390355, -5.26750287202749e-110,      5.80122029260291e+255, -4.78265315917052e+272, -3.13744850336972e-295,      -2.69442175741962e-280, 2.68073468255091e+37, 1.10220468122682e-170     ), lower3 = c(3.95436586694901e+295, -1.42270995316502e+126,      9.94961037548812e+38, 2.49174375668513e-127, -1.49622761762775e-56,      -2.78496209396261e-300, 5.52975344737493e-24, 4.40697025553839e-299,      7.95935022028341e-97, 3.07316268272544e-118, -1.00437115628259e+66,      6.07231578978113e+227, -6.88243679822332e+301, 2.56705978144034e+140,      -4.52178457041294e+277, -7.18959037411407e-124, 1.20989313804324e-102,      1.0899761806738e-129, 0.00125130019996684, 9.07089240504404e+173,      9.70572187403511e+84, 4.81663838896246e-211, 3.48500624479146e+201,      4.08860210900928e-132, -2.11215517398246e-155, 9.96402706810946e+181,      1.44388037428868e-61, 1.10075736726172e-268, -3.44722130013105e+21,      2.84697616308266e+139, 2.8683558685003e-109, -3.35409506512159e+98,      -6.64411401512636e-221, 8.21465095311769e-267, 1.42500042529218e+113,      -3.36820827322135e+121, -3.71853202910251e+264, 9.07089240504404e+173,      6.91818588768982e-21, -1.36077446322055e-244, Inf, Inf, 1.11702517726217e+281,      NA, 7.14628655331014e+121, -3.02585959436772e+25, -1.1937813757179e+29,      -7.76948675684506e+277, -1.4434446215911e+239, -4.44442866370024e-213,      -9.56557459143167e-32, -8.85165748612252e+226, -3.52880083577203e-36,      0.000721123862222484, 4.08409942118619e+95, -4.6735416434054e+133,      -2.84656551848624e+117, 2.26456672117624e-261, 0), lower4 = c(1.22588783456776e+292,      2.06875256888796e-209, 2.00198015973239e+281, -7.44351310136962e-41,      -1.20614493700993e-121, -1.46445353397922e+70, 3.78051887213974e+258,      -7.93131124797343e-184, 3.94303717489264e-64, 1.1793112330349e+229,      4.47589426346775e+277, 8.08301190051844e-175, -1.00637936619867e-167,      3.92455946873465e-209, -1.94478200480719e-101, 8.32548327590956e-132,      8.59124417190151e-244, 4.57640492453222e-297, 1.165148956031e-191,      4.4828486404527e-127, -1.36766151526881e-56, -9.12151827868552e-16,      1.08789783922904e-31, -9.69925703844796e+287, 4.23243374156618e+209,      -5.2219940465947e+238, 3.59882471868406e+70, 1.03867248551573e-35,      -2.28639276336582e-10, -8.19786675574678e-180, 1.86643807732809e-276,      -1.37114741999807e-289, 6038031286843.58, -4.75935525998056e+269,      1.87118651618744e+96, 1.23987684413405e+98, 9.02491630361e+214,      5.14946231323824e+187, -2.28126743136345e+170, 8.6582738805873e+116,      -1.00471226156901e+275, -2.65886600887412e+302, 3.9183180612691e-187,      1.91731245295588e-80, 2.19700067167965e-175),