testlist <- list(cv1 = c(6.04637508088113e-213, -1.64963134600817e-277, -7.13038179410359e+216,  1.61519254596167e-102, -7.84313656427612e-235, 1.24181081432544e-290,  -1.17807851118256e+270, -83572524372603.1, -Inf, 1.12066494310056e+166,  -6.34225190813924e+190, NA, NA), cv2 = c(-1.69648957455119e-112,  1.22173696757155e-12, 9.72449320217323e+227, -5.84225735818084e-170,  -1.16071282981014e-264, -1.85078293370203e+86, 3.5645757063705e-112,  -3.22404500467592e-112, -1.06246373830509e+147, Inf, 1.90435610381251e-197,  2.96396469138712e-31, 7.6010601670184e-231, 1.55766374163499e+66,  -1.78291938390238e-83, -3.01836400374368e+147, -4.40791994592654e-34,  -1.02535970579666e+189, 2.46396688733024e-129, 1.00495022491998e-297,  NaN, 7.39083539866129e-187, -1.5029760207704e-284, 14947.0374732598,  2.59416832900906e-183, 1.81941930268701e+220, -9.39720885444451e+208,  -9.09387221517073e+238, NA, NaN, 4.49593355103165e-207, -1.04111878045875e-198,  0), cv3 = c(0.000871164804247797, NaN, 1.23450855628136e+32,  -1.37499249758932e-30, 2.12831422488539e-80, -1.87647429764809e+211,  9.39720406303319e+198, -3.70565877157939e+301, -4.70996037950899e+100,  4.55462039499143e+169, -2.98809587099039e+142, 2.49935271608328e+304,  1.98595610772361e-168, 1.88146062953554e-260, 1.28683524881542e+187,  NA, 8.86930587091577e+148, 4.14207885266036e-30, -4.01297388366783e-16,  -1.04409741016067e+166, -3.17651398285015e+273, 4.77886243011741e-214,  2.60661547416079e-222, 4.95666256571317e-240, 3.49400344169831e-230,  1.23172058879609e-45, -7.38987614408618e-190, -8.393722565074e+143,  -Inf, 4.4652582172431e-273, 8.12103988122468e+130, 6.9308336267889e+150,  1.82835207946913e+249, -Inf, 6.54550265091156e-52, -7.90921287356992e-273,  0), heights = c(2.87308040652073e-204, NA, -7.85816824351033e-286,  3.9338556029095e+217, Inf, -1.39739122754802e+147, -2.65347680681274e-116,  -Inf, Inf, 0.000665886048117273, -3.04185895674333e-99, 2.12172689517295e-106,  1.21578418839915e+51, -Inf), p1 = -4.5335250538253e-173, p2 = -1.44095724164107e+43,      p3 = 4.79630746849659e-211, tmax = -393505161L, tmin = -1122850752L,      width1 = c(4.97590325394443e+212, 1.20533780358865e+291,      1.11484825879478e-67, 7.29951498763539e+49, Inf, -4.47518867354074e+262,      -3.61410890827836e-269, -2.85793306595168e+302, NaN, -9.12297939480172e-08,      NaN, 5.58219326865732e-135, NaN), width2 = c(-1.37191300567539e-135,      -1.03119362827709e+69, -2.07716622744008e-108, -1.89446759750477e-300,      NA, 2.60383500871698e+86, 1.86538936751858e-37, 2.60383500871698e+86,      0), width3 = c(3.05274774615093e+118, -1.36677656280562e+141,      -1.61115102254648e-05, 1.13035537324152e-184, 4.31418768406346e-123,      -4.14438228689647e+151, -7773.64452247324, 5.3359828072522e-31,      -1.73644139682112e+87, -3.25424909899001e-242, NA, -1.04729504266609e-153,      6.0632577477025e-200, 1.61922439438614e-11, 1.08207865280527e+46,      1.97779938958358e-283, 2.1389495677384e-291, 5.65315704450533e+203,      1.33015998864288e-164, -2.12805265676433e-253, -7.57569954533279e+149,      2.60373891426038e-130, -1.28693151699406e+298, 4.72850398220797e-20,      -1.21831969865451e+61, 9.83330831809119e+104, -8.18388261114294e+303,      -2.39360243778374e-269, 1.95507279166878e+56, -1.11168089970426e+257,      -1.60297183133661e-143, 9.83911681613987e-71, -2.5073057302829e+237,      -9.52508790044107e+101, -8.5426266997422e-172, -6.82846301793024e+145,      -5.83060121039308e-193, -1.17331549396841e-11, 646152758933877504,      -3.06527238192802e-282, 1.51367391450863e+179, -2.94702751139568e-272,      -6.56038814227132e+212, -1.15805832618343e-179, -1.41244486955147e-24,      -258607124248.415, 2.50493035609603e+92, -2.29194374545361e+292,      2.3903385552357e+51, 4.45319245584104e+229, 1.80295327503183e-156,      -Inf, -1.70462948077118e+270, -2.86511888756629e-50, NaN,      1.56699491987843e+90, -4.20630231726075e-133, 9.90609284490681e+165,      -7.48910162821428e-62, Inf, 5.38029825687916e-107, 3.02274100302681e-299,      -1.04290482592248e-273, 9.41188488991876e+307, 4.04556408342246e+268,      7.12776157329206e+190, 1.40724678288736e-08, 0), x = 4.92889943325268e-43,      y = 1.06563525449962e-235, z = 3.72722072664217e+110)
result <- do.call(metadynminer3d:::fe3dp123,testlist)
str(result)