testlist <- list(dist = 760068929L, dist2ind = c(-500082484L, 1662449032L,  1925410241L, 42339887L, -741773188L, 1993086216L, -1160079621L,  -1517679736L, NA, 1103885327L, 219524367L, -1682227602L, -2068911110L,  2046821173L, -627494784L, 591071454L, -1621295847L, -1499134541L,  -1162624427L, 1845543923L, -1364267735L, -1359978871L, -1987180116L,  -904819863L, 1837662740L, 763873255L, 982138025L, -1979671495L,  -1366728099L, 2059462147L, 1324331032L, 3899757L, -1023180303L,  -1958094651L, -753570211L, 353015491L), freq = -2.43659073385965e+182,      jitter = 4.9068899710193e-304, seed = 1312757837L, value = -1448256360L,      x = c(2.33407755750979e+219, -1.32498525489652e+59, -7.56270836082798e-256,      -1.16134695183061e-153, -1.67235017924899e-252, 2.01006898647063e-258,      -3.73259367391522e+149, -1.42564756904277e+26, -1.87673951705668e+129,      -2.27497305641658e+112, -5.58346044414528e+303, 2.49734972349244e+200,      -3.9574344352942e-206, -2.86534589599467e+140, 1.71561322408845e-153,      -7.06361989019491e-239, 1.93428914548605e+206, 8.3189033803425e-94,      -5.30495639438639e+192, 3584563833859143, 1.34229860377348e+287,      8.98912437345673e-152, 1.20155743400111e-159, -7.40184366286803e+285,      -1.28337738850203e-53, 4.24572845168202e+226, -1.10410986108915e-239,      -1.58290999901508e+278, 3.95871433697128e+126, -2.59645985471017e-135,      5.02070891955136e-75, -7.84725916278861e-289, -3.64035493894753e-293,      -1380768.5667027, 1.14254622673474e+215, -Inf, -1.15267783866852e-189,      1.36065157874748e+156, -2.44382093600151e-231, -2.61277024689173e-244,      1.73747672939124e-58, -7.97249913206451e+175, 8.81329201597207e+197,      -2.35863804735305e-72, 8.17018477531561e+297, -2.83138643760406e+214,      NaN, NA, 2.36614139887727e+221, -7.44063953630351e-19, 4.08863156814961e-40,      -4.58141757712367e-303, NaN, 7.28114824263338e-162, 8.92511396170283e-49,      1.5728982114804e+182, -1.65252822542873e-32, 4.10225233494635e+108,      3.88523818598897e+130, 4.73008771602025e-231, 7.71547218845908e+251,      -7.46482196625e-144, NaN, -1.98190404245038e-23, 2.49411597660132e-224,      -6.97042948263232e-273, -8.95139207187801e+47, -5.52785103783484e+271,      2.49033712971116e-54, 0), y = c(3.01544795344735e+167, -4.38136777912596e+146,      6.53904571241359e+57, Inf, 4.13207573542048e+249, 1.2138666029181e+200,      1.51415380327315e-288, -1.86770349954147e-264, -7.64228272777654e+85,      5.84333361372973e-200, 2.50124732196037e+88, -1.79273909028844e-44,      3.43545181644878e-223, 1.88065365500745e+76, 8.90920809109941e+267,      1.44504470584634e+231, 4.40573233986619e+48, -6.89216127998513e+282,      3.4905777783057e-193, 1.3402476265851e-28, -7.24340796867781e+198,      2.04214767847642e+171, 2.4493236685497e+122, 2.14292302491019e-219,      2.7306329648229e+213, NA, -1.59401033993986e+31, 3.20988677718625e+172,      6.85939410505049e+157, -4.91983311123362e-186, 5.75623636562467e-40,      -1.90086534275722e+80, -7.79590647684733e+56, -1.28687401251415e-57,      6.18116959638467e+178, 1.17616823863987e-300, -2.13644089867613e+292,      -1.4292054323441e+179, -1.0452126567602e-35, 2.41135829266159e-297,      3.61403293704652e+219, 1.05056771937299e-206, 3.62482060732449e+216,      -1.76231347616486e-78, NA, -1.30848579985357e+46, 3.39212362563431e-66,      2.46025092313705e-223, NaN, 4.39801456510535e-137, -5.5118657473518e+30,      2.45160267362935e+259, 1.13622487898111e+104, 0), z = c(3.82305468040702e-134,      -8.48010698522242e-47, 4.36919995722334e+238, 3.43614722028035e+151,      1.03753657810763e+49, 6.47121200692194e-265, 1.55009132847247e-50,      -6.038193233163e+59, 1.97377118135326e+70, 2.76694709759038e+21,      -1.18718681649758e-64, 9.32025850708845e-171, -1.03207449194914e+182,      -1.77976148077059e+87, -1.07619450811987e+182, -1.2726124763659e+206,      -4.19987819988257e+115, -9.66333959039725e-254, -Inf, -1.29050535006876e+237,      -2.78507795485314e+82, 1.15235554121908e+284, 1.27530901403502e+260,      NaN, 1.84145429376462e-149, -2.97258850855724e-26, 5.17298810406251e-154,      1.11546407057622e-252, -1.38770858426232e-114, 1.12951735364777e-232,      3.45871998827136e+282, 7.82590781484069e-214, 4.59684255801298e-183,      2.80215238641354e+306, -8.86355155152391e-240, -3.36829182843416e+266,      -Inf, -5.79512895138363e+116, 4.83155496086552e+165, 1.0746696183509e+43,      1.1412255642425e-237, -4.73478109358168e-71, 1.24914519226688e+285,      -7.49786206581929e+173, 4.43905436154539e+131, -2.02024436771781e+276,      -3.49512965487898e+181, -486895234207785, -9.34694627408024e+157,      -1.74321511821141e+203, 6.31154739690598e-10, -1.98914333264127e-300,      5.21961698242235e-127, -8.73635655888267e-247, 8.40283928248331e+39,      -1.29050535006876e+237, -3.25982215612461e+162, -7.97833937285705e-79,      5.66260007413486e+228, 1.29857879834857e-30, 2.07282195818997e-106,      1.63604857040611e-301, 9.86392684607445e+264, 0))
result <- do.call(ambient:::gen_worley3d_c,testlist)
str(result)