testlist <- list(A = c(-3.86154109380142e+143, Inf, Inf, -6.19110513020637e+106,  6.73258236686606e-79, -4.84057528058325e+108, 8.79301632740275e-265,  -6.32775890617875e+51, 8.48438070587017e-104, -2.08939776543674e-288,  -1.91949581853462e-240, 5.6873334700061e-84, -2.07113543831175e+106,  4.29067549317894e-225, -1.90710882691012e-101, -3.85663378056187e-297,  1.09104031234744e-87, -44789710.376017, 6.21188521344031e+184,  8.64867541347551e+258, -1.01715583110992e-139, -1.26872236729693e-136,  -8.48713216419116e+114, 6.93888876768128e+100, 5.20597602708374e-35,  -3.3608441012834e+108, -2.67539604697818e-49, 4.36959493971871e+145,  NaN, 2094.21053238286, 7.26740149383937e+77, -5.84353851129081e-203,  5.73619759165652e-133, -1.07930680561796e+93, -8.59584991142389e-200,  -1.29253313216968e+50, -Inf, -6.74984445717105e-301, -2.03388187562659e-74,  -4.26294582462693e-294, -4.33571423351492e+229, -1.24898329609652e-107,  4.29368538389263e-193, 5.57337270563927e-253, 7.71890482251191e+35,  -1.26877450369085e-184, -1.15458203787966e+245, Inf, 9.07931260109942e-263,  6.5315382477944e-222, 4.7520934479853e-101, 0), B = c(5.35200474329379e-100,  -4.71392388270128e+259, 1.59267260680874e-109, 2.50368663861254e-226,  6.69071994193274e+153, -6.14870206295978e-53, 3.11285415542027e-269,  1.06786444865651e+43, -1.18265657212086e-168, -2.41433907653789e+300,  2.90468902810433e-83, -8.8733780834052e+65, 9.95410215075311e+213,  -5.29571886918084e+51, -1.49602659083528e+100, -2.27077495475561e+171,  -6.93532509280823e+208, 2.19691861071445e+86, 5.3889412147414e+292,  3.20175070825319e-194, -4.12352787880423e-298, -5.96778153740302e-221,  5.8670337620573e+29, NaN, 1.78619843029328e-235, 2.47430915539748e-231,  6.48084518596584e-206, -1.1533273566751e-97, -6.58432511791954e+213,  6.03956176960517e+171, 4.03219203455286e-55, 8.0045849090178e-57,  -5.96778153740302e-221, -6.17910598745413e-34, -1.99355062499758e-307,  Inf, 2.15957041873446e-213, 5.26723103453537e+262, -Inf, -3.27228909907133e-214,  2.22742477336004e+120, -7.92479205984058e-119, 5.9601562642316e-287,  -1.40900890521026e-210, 1.05587558029622e-17, 2.10933069685837e+217,  -1.86090154005596e-153, -3.3896630855911e-158, NaN, 1.11265035148566e+49,  -1.81406156026024e-45, -8.08866927769634e+74, -2.14995882565057e+141,  -8.41995645303964e+37, 0), backCast = c(4.79020644139019e-63,  9.83700187387114e+123, -1.15106570819891e-231, 2.26065390475273e-139,  -9.374663327407e+200, -1.86163060062389e-187, 3.6647127279262e-26,  1.30277216334647e+93, 4.44875498367689e-147, -1.7283367918475e-263,  -3.87232842196021e-233, -1.253349632574e-249, -7.17148517639976e+24,  -1.97048948800494e-148, -47856008964810.7, 3.38704659719137e-172,  -1845565.46512622, 7.19905450122668e+192, NA, 5.70596921631848e-71,  -1.90714170953272e+42, -2.81905467408749e-206, Inf, -1.92435868760297e+138,  -3.66800839792604e+291, -4.32503880926664e+114, -1.7283367918475e-263,  2.02528875804773e+240, 7.02801227321638e+158, -3.08979520761616e+90,  8.53809077347266e-35, -1.50383753583071e+110, Inf, 2.29496182221136e+169,  -1.43915175867752e-248, 1.28432715500147e+79, 4.24702356802848e-44,  -2.75000103214451e-56, 4.50786063103182e+278, 6.2302551040392e-188,  -2.50060080702195e-282, 0), data = c(2.25981220575587e-74, -9.1771114672729e-96,  -4.33621219159255e-39, 1.65725418314333e+250, 1.32944358760056e+130,  4.99313597300634e+163, -3.04651834114763e-229, -1.13895500063583e-85,  4.76355768354271e-193, 4.47781509211749e+30, -5.65749497735886e+79,  3.08779705729932e-283, -1.27136221088882e+255, -2.1827521551049e+52,  -2.70157057598525e-66, -1.15229395711343e-17, -5.98628672319275e+295,  1.35538048019099e+236, 1.37809499192709e-278, 3.63626362495969e+168,  -1.46497049221909e-223, -1.63776394488292e-110, -4.04007872532557e-182,  6.88786288249738e+233, -6.12213472716053e-84, 5.50642541158285e+241,  -2.13858478920388e+46, 3.46710009889209e+22, 2.04454627485231e+297,  9.56518805880312e-107, 7.0304690328293e-15, -3.12479538689823e+146,  6.7946113765373e-175, 8.66940082092844e-33, 1.47279411790913e-241,  -Inf, 1.78794001387773e+106, -Inf, 1.1620145468225e-177, -1.55846128985852e+302,  1.27047073724383e-89, -1.77804444552343e-06, -2.42887018982819e-120,  3.96334417938433e-57, 2.95850824574295e+233, 3.94367738115569e+87,  -4.66512732595894e-287, -1.81349828676119e-283, 3.59836362183843e-152,  -1.47469044219532e-246, -2.11784703168928e+59, 3.02498681121246e-262,  -5.93330778649103e+294, -2.19543696308823e+182, -1.14407314619653e-192,  -9.83075993625336e-218, -5.951675383857e-187, NaN, NA, 8.60109914564611e-26,  9.18840288441042e+157, -8.35474490338665e+302, -2.2368032047289e-219,  2.20780398734172e+280, Inf, 6.86590165099502e+24, -4.92827485851427e-180,  -1.02490569333346e-110, -5.3701871953116e+239, 4.90518482913441e-209,  -1.16516214956261e+38, 2.60486702205533e+38, -14.841760545196,  0), h = c(1.15751197280239e-18, -0.215065710957232, -2.71940756461943e+244,  -3.57270322282824e+169, 8.58709498044321e+292, -6.89653680124721e+211,  4.2291819895341e-137, -1.67969255206668e+50, 6.56370449801408e+271,  4.71004377681108e-159, NA, -3.70203881882156e-240, -3.00807102689882e+217,  7.77439372782176e-180, -2.10802056054494e+232, 6.19623859729826e-35,  -8.50537420087302e-65, -1.80962903783286e+82, 1.46814660129197e-214,  -4.81558258474916e-168, -2.09878908732954e-206, 55.0205224149643,  -4.4179798905142e-261, NA, 1.95031311395715e+88, -1.23598181294446e+116,  -4.18302994793031e-218, -145536.645197516, 3.9965931394326e-128,  -1.28970338837292e+186, -5.77072675235202e-286, 7.92530153792002e+96,  -1.18024972057762e-124, -1.43818218134324e+258, NA, -Inf, -1927.37496916244,  3.69100379140373e-177, 1.81525891105306e-235, 1.96732881650858e+295,  -2.01171247162387e-291, 2.43737928052923e+275, 8.67376529852061e-69,  0), K = -771406765L, LB = c(5.13971134862013e+240, 8.02746038495585e+177,  4.17184070983898e-259, -8.30411338707513e+27, 5.34137047454253e-81,  -1.10647836133789e-84, 5.28518073105839e-37, 7.79587541207266e+183,  -0.00225769951960263, -3.73723504712058e+245, -3.01541282728922e+236,  -1.06620071651457e+247, -2.06718885915327e+257, NA, Inf, 6.61584376403163e+90,  3.00105482003231e+87, NA, Inf, 0), llRM = c(-3.05798494662784e+61,  -4.73037324502868e-66, -3.9687022077954e+52, -2.56783481086128e-88,  3.68500863048764e-234, 9.29055931528764e-171, 4.52046339561519e-141,  1.48622732023682e+69, 1.70264517099083e+224, -2.56783481086128e-88,  2.68342342187243e-297, NaN, NA, 2.50507983544635e-93, -5.8721168191381e+81,  5.45051723103196e+26, 5.74327267724126e-221, -7.18578096986807e-176,  -1.43702114962225e+145, -1.5329308695042e-214, 1.52231667684156e-89,  8.4579992656726e+152, 4.69953904288312e-98, -4.399277799434e+107,  Inf), lls = c(1.73822053629519e+192, -1.18823723712009e+233,  -1.7240515684151e-148, 9.79544757166977e-174, 4.70247757325411e+243,  -1.06991617221941e-290, -7.51712485631202e+226, 5.48153875565911e-176,  492.110607366023, 9.03952104357484e-99, -9.74586578913417e+64,  3.69657992406465e-109, NA, 1.36440949208044e-114, -1654498437741.91,  -5.1054149570017e+300, -3.5440260817905e+124, -3.27402474264007e-232,  -1.48116016976839e+132, 1.5903511741646e-198, 3.32797343861153e+92,  -1.36341365381808e-303, NA, 1.09259658730387e+188, -5.93889664036212e-258,  -9.64905029056055e+220, 6.1333091818685e+157, 1.21462606350652e+61,  Inf, -4.65766085446677e+149, -4.00590147517152e-92, Inf, NA,  0),