testlist <- list(cv1 = c(-Inf, -7.4358174641859e-185, 3.8181672118457e+264,  -6.70648768691476e-09, Inf, 6.57000500302745e-215, 3.12524429421102e-71,  NaN, -9.58742113841796e+293, 2.45186876892673e-188, NA, 2.39453105035008e-21,  -6.33603019670883e+225, -1.2872052077078e+201, 0), cv2 = c(-5.93749116440989e+75,  2.02311800932657e+228, 3.38110277827228e-118, 7.03478924059205e+139,  6.10909714714097e+204, 3.32486620501934e+45, -2.25644761409946e-112,  -2.85916951981034e+64, -6.30457340142764e+177, -1.50756897577859e-59,  -1.73977496097621e-17, -1.45346071191436e-291, 6.75432014701338e+152,  6.83072287289892e-196, 6.62642487691e+133, -5.45119024960444e-227,  -9.60049194675173e-160, 4.66532630363756e+83, -1.00658124009943e-21,  6.74354841643268e-302, 1.49913581099956e-32, -3.20235715481506e+119,  6.80011458943683e+275, -5.95574234795583e-291, -1.42702981305754e+137,  -3.08020995275228e-263, 1.40347201552316e+268, 6.47294589539893e-200,  -4.00632915259401e-272, -2.93865398292743e+292, 1.19048863864064e+225,  -2.00075830999739e-109, NA, 1.37413933523758e+259, 1.1436246679416e-26,  -2.72129492722839e+286, -6.42721473538977e-190, 5.33055627100024e+253,  -1.93632622502006e-59, -3.21647770289966e-129, 1.47787163506773e-183,  1.09620661845818e+108, 2.30573254775452e-51, 2.11140001006983e+85,  -1.80172234527032e+239, -1.32096366553456e+153, 4.57899145894551e-244,  -3.66697618230895e+57, 5.9754685751948e-15, 1.44863481035344e-51,  -9.74842446937016e+135, -5.92272307409378e-48, 3.36240612113489e-167,  3.02330493140826e+23, -1311780829.53479, 4.17462601443917e+252,  3.30414063543995e+193, -5.11724551613965e-41, 7929146137130055680,  -5.68258362749068e+90, NaN, -2.74515613346383e-173, 4.54066157890993e-237,  -2.18193282034823e-224, -1.74888050935794e+179, -1.1146936617244e+306,  NaN, -1.65633167084793e-188, -Inf), cv3 = c(-1.00100585875688e-94,  Inf, Inf, 1.56961560928202e+78, 2.98678739294536e+56, NA, NA,  1.71834994303142e-242, 9.4615307889379e-57, -3.5287759031044e+191,  0), heights = c(-3.3208779874576e+52, 1.09951035783194e+255,  2.13954317264451e+32, -9.13736231178377e-203, -1.02809456028961e-143,  NA, 1.12790005972801e+232, 1.28081303534741e-249, -4.48080685620526e+120,  6.2124355216898e+231, 647273351016232, -1.98931139323987e+256,  6.59954973877961e+226, 5.94841624383159e+265, -9.12320716910544e-45,  -1.58531679271037e-197, -2.06025805502639e+36, 1.36888676938725e+230,  1.15141920057606e-225, -1.37990045358735e+135, -8.8579817811627e-202,  1.05999278489147e-76, 2.69559311583584e+112, -9.36702431885204e-45,  2.36194974383059e+85, 1.26201014657454e+108, 1.56905901412357e+229,  NaN, 1.32488902758895e+136, -0.000102735110784061, 1.05270210716538e+301,  -2.94702329788108e+73, -8.60864041457555e-56, 2.17242409003905e-13,  4.74297819863292e+148, -3.99684595962435e+261, -3.17586063842948e+244,  -Inf, 0), n = -161544359L, tmax = 1780478658L, tmin = 1420541242L,      width1 = c(-5.95173914237824e-188, 6.20604827337006e-114,      -8.98499337501443e+293, -7.56417079228431e-60, 2.69388734418187e-218,      2.72266696182801e+250, -1.21101678096703e-209, 1.77550124388634e+223,      3.28103101584187e-247, 2.09214478149296e+146, 3.56613952445655e-71,      -2.40642361363396e-169, -4.05460636385068e-60, 1.21525233348528e-104,      4.06602030841981e-124, 6.16962910580804e+249, -1.79888514707882e+273,      5.67587309591776e-95, -1.35661248861246e+157, -9.03934429462197e+155,      -3.252557415956e+241, -1.01169101428125e+246, -2.47661521201543e-144,      -1.96495449633023e+288, -3.72868289016373e+149, NA, -3.13476778347149e+176,      2.99347070312353e-294, 1.27080620386815e+218, -2.76972378452916e-124,      -1.39079277685596e-05, -2.70740401103282e-274, 2.19659468314627e+195,      8.82425444495382e-110, 2.75175062118273e+48, 2.36153777486535e+90,      -5.97035452652595e-95, -9.42913904173019e-153, -6.74564561552847e-247,      -2.49664277077812e-287, NA, -2.28387299286846e-23, -1.81214412680673e-205,      -2.39189496058857e-262, 6.64773352555177e+205, -2.5274462214336e-67,      -1.81206137781702e+43, -8.74639998917422e-91, 2.24804999779872e-241,      -9.17016540203336e-188, -9.04797284154158e+82, 1.73953304475676e-121,      4.70586333355862e-255, 2.62979297229015e-306, -2.5856827506733e-40,      7.45751997779499e-139, 1.1696398724146e+25, 3.52188219358571e+125,      6.79442721263763e+255, -1.12621252239728e-138, -968113059899990912,      -2.27144973728861e-246, 3.75544876736382e+84, -6.28525379225087e-115,      4.88291608270613e+28, -2.75141262172026e-243, 930313983147.624,      -1.9811275130142e+220, -1.77909336730138e+304, -2.45752415874153e-60,      6.54686173951098e+128, -1.63060673783606e-194, 3.43778078790717e+49,      2.6543150096678e+106, NaN, -214105608.911999, 6.95974658580259e-216,      1.00158808523112e+208, -1.35618302381001e+149, -6.60528651072878e-290,      4.81345916952419e+300, -0.000182147106783585, 3.03417702534914e-118,      NA, -6.3908432996849e-301, -4.79935219867853e-296, -6.32397190777879e+189,      -5.91258074917166e+144, 1.15978955462074e+248, 8.92563625368683e-07,      -6.03961539247426e-16, 1.01448460552201e-115, -1.31967520283374e-222,      1.04092592925139e+75, 1.21457392664314e-209, -1.57850171331394e-281,      0), width2 = c(-2.43233610488002e+96, 2.32905047767676e+227,      2.1975187563134e+108, -5.48107600017801e+70, -9.61815337853195e+211,      4.26559782972143e+300, -2.9282498665056e-143, -2.01113620769677e-218,      NaN, -1.63791331044054e-158, 8.58956796889213e-57, -5.23162592600671e-192,      -1.42621752172345e+163, 6.47383838283386e+26, NaN, -4.60297319248968e+218,      -3.69562942552079e+20, NaN, -1.52249724985745e+286, -1.53189031066982e-151,      2.12422110402827e-113, -1.85234481665997e-177, 2.21347917695212e-105,      8.4329391620669e-281, -5.70512331561512e+64, 3.01714261249782e+161,      4.24297623246258e-280, -6.10711272555969e-156, 3.55933320401959e+122,      1.97647031851069e+146, 1.67380911559493e+240, -9.15714873214251e-127,      -6.32430344827672e+185, 4.41713159375159e+229, -2.29368274072847e-105,      -7.7307324152208e-301, -4.4646134897172e-126, -7.90372917699765e+205,      -1.06172256151882e+288, 2.50812991456438e+38, -3.62788701479632e-147,      NaN, -1.11171558227237e-306, 1.76257799517035e+173, 3.24344393226471e+66,      -1.38367690020455e-109, 6.53793701396333e-203, 9.96383978302466e-279,      -2.21439416742096e-306, -8.44790082545135e-259, NA, 1.8322985100737e+65,      -1.77883780742044e+304, 8.73559488759973e+35, 2.83405234740758e-134,      -7.04809147289161e+290, 1.38027080142747e-23, 7.61404132644223e+146,      -2.65079748101592e+228, NA), width3 = c(-7.24219188964558e+280,      3.86508774136878e-34, 3.40774236613776e+53, 4.57878404921651e+98,      -5.20922929040286e-286, 1.79120022055385e+93, -2.73155666405704e-53,      -4.02638838228618e-113, 1.22922132728442e-296, -3.61654441313803e-56,      -3.25043086040669e+130, -1.62500886200481e-163, 1.14909828905755e-111,      Inf, -5.87223323051237e-82, -4.43938541432289e+48, -3.45948995152463e+94,      6.26176486815476e+276, 5.68752443320097, 1.64648965142914e+138,      8.20105345207277e+259, 6.93930296568112e-130, 2.25307957904354e+295,      NA, 1.15321520145577e-252, Inf, 2691.68195172336, 8.91122222611265e-56,      -3.56084975872336e-193, 2.97495151024343e-219, 7.9196166841157e+82,      9.91276349126814e+110, 2.11741372967267e+120, -7.91689213410411e+146,      9.23333099407396e+157, -6.48022145505602e+165, -1.57912874976621e+25,      1.66787504960745e-251, 0.000153974486445609, -2.01696298248377e+191,      -6.44982804299203e-131, -2.61588074644018e+107, -3.23718325017834e-121,      1.47665397987516e-210, 4.21174602024247e-94, -3.90030120610272e+123,      NA, 2.84367781357224e-41, -6.94256180526437e+284, 7.12355289693122e+93,      -8.66462392349546e+276, -6.59807584661899e-169, -1.54226429024402e-94,      6.58121936655137e-278, -2.53117201758895e-116, -7.82418108763337e+183,      1.93880204822074e-14, 0))
