testlist <- list(conjugate_arg = c(-1.66667893622001e-49, 1.91698338082271e-80,  2.93871033907185e+294, 6.23890285463427e-80, 4.73594416852843e-68,  1.92374608756283e+304, 5.22278042553461e+77, -2.97932406633684e-194,  -2.68155229469859e-130, -2.8443541465211e-188, -1.37830165814193e-303,  9.46138801054663e+185, 3.43512439634007e-26, -2.80408356385423e+194,  -2.69315621855967e-264, 8.88375296519136e+93, -1.28149993449481e+192,  -1.05378635096144e+270, 9.9348541420566e-272, -4.49673024853768e-166,  1.08790490440457e-197, -1.2041029401751e+269, 5.69436160505039e+304,  -4.31279914103383e+297, -8.50762375722852e-293, 8.10981151245745e+266,  5.79154874698599e-162, -1.52841548347558e+202, 1.08404704783176e-287,  6.87024100783927e+274, -5.68764856223117e-181, -1.13844874214302e-199,  1.96260971350789e-252, 5.33405194998669e-300, 2.59208973630206e-42,  -9.97306573534695e-54, -2.72162996958946e-171, -3.62546934961208e+168,  -1.05877353233728e+151, 2.42723774121938e-180, 2.71379408558098e-129,  -2.99574316180368e+172, -3.92218442701392e+180, 3.87644683863415e+40,  2.87529519465824e-21, 2.1613714735693e-216, -1.24268282218984e+93,  1.1295944748571e-232, 3.92159577538232e-79, -15667.1775954664,  4.57084549186976e-49, -1.25757101230842e+73, -8.79373529590978e+217,  -9.77937136970318e+240, -6.91902272399548e+224, -1.16799430317206e+232,  -1.9654566928719e+138, -2.97633622985238e-92, -2.12534603551549e-12,  3.06886759116986e+143, -3.91468555641316e-243, -5.48275336426756e+103,  9.28985945620188e-15, -3.80097643545023e-13, 4.66046102560888e-69 ), feasible_point = c(1.58452789264731e+68, -1.17582717654621e-163,  -1.72376050947722e-175, 3.78768033497385e-302, 3.18392608617006e-283,  1.87086035607649e-105, -4.48693837990306e+91, 6.96909944544129e+146,  -1.22632382225098e-169, 7.38424442346927e+102, -2.39103730967046e-173,  1.50358269295745e-98, -1.39864735239114e+206, -3.55788228619885e-57,  2.56188437987478e-278, 1.10881532313397e-41, 1.41426599523983e-157,  -115579.955078524, -3.96965809207707e-21, -249276.355466798,  4.68892868662101e+242, -1.9030250841639e-118, -14691701.5414961,  -1.07078197383002e-40, 1.62358362944917e+207, 4.72419283902863e-228,  4.79997554313187e-217, 1.42348988396141e+78, -1.6371214380449e+117,  -9.08286376480773e-107, 2.45161596461525e+245, -1.94992510522865e+126,  8.25306832203025e-62, -4.21454500062551e-226, -3.16154398122101e-198,  -2.68447201489116e+281, 5.14963865886893e+238, 2.16873923090758e-129,  -2.36578823829062e+225, 3.11993702049667e+25, 2.56876579554306e-244,  1.82866311529022e+247, -1.91575703818134e+117, 1.41023098687193e+195,  -2.0457189998697e-76, 1.34636958470353e+129, 1.05166477156311e-191,  -1.22784914714579e-170, -1.20860657461796e-137, 3.05825342999664e+140,  -2.90069835439382e-300, 1.19552333837868e+288, 3.62024596642298e+215,  3.58923182325456e+81, 7.18064553341412e-71, -4.12628977745897e+197,  1.65035093789913e-84, 9.63302351704592e-242, 2.05760869378141e+73,  2.87445831805421e-102, -3.11320883908843e-23, -9.75597506948204e-51,  3.22680631066893e-92, 1.35836801378482e+299, -3.62110877003773e-116,  -4.459725495148e-275, -5.36605883665101e+29, -5.96950968352927e+249,  -2.22379705198855e+259, -2.14817489575178e+79, 2.35805584364471e+270,  8.13523541077464e+169, -6.07250452057037e+231, 2.34778300490486e+61,  1.19842735874082e+125, 3.81410703442645e-144, 6.76818965402578e-84,  1.29200843226076e+286, -1.99984766651289e+259, 1.17203515184594e+168,  -3.20756922482936e+215, -2.97470378340486e-210, -7.54508944139137e-151,  -2.11896372689139e+196, -5.61736755072472e+103, -1.10788459416773e+245,  -3.93382712117463e-66), initial_step = -1.69112170148425e-293,      max_iter = 11207518L, min_iter = -793426429L, precision = structure(c(156.239480502656,      4.09312671255326e-190, 1.50782817043972e+156, 3.86714308176021e-132,      9.05953676693192e+263, 315.197660475391, 9.02784301653217e+97,      2.000900890852e-202, 5.48910606063961e+71, 4.3783470254587e+175,      8.67784997817019e+237, 2.40436941964534e+187, 1.22849737774297e-284,      53033430088910487552, 7.46476411490754e-56, 3.50142333452469e-279,      4.14583933980202e-207, 2.81605632700111e-168, 1.0419895764728e+234,      1.65119710311421e-167, 3.08098979811584e-37, 8.58457394315084e-200,      7.70357133424141e-264, 5.56176412898788e-172, 8.8757758931406e-75,      3.26907598545528e-298, 4.04055052678789e+34, 1.53352587612782e-49,      5.96019887888826e+121, 1.54477333812334e-275, 4.90960080611232e+81,      2.24541576981577e+300, 1.07087442450951e+72, 3.33572279710254e+279,      6.58512259286819e-144, 3.40235306170502e+246, 2.84214920157746e-109,      2.4609716900359e+195, 2.27637821870708e-120, 2.9827583696455e-199     ), .Dim = c(5L, 8L)), value_tol = -1.40793453270091e-241)
result <- do.call(selectiveInference:::solve_barrier_,testlist)
str(result)