testlist <- list(f = structure(c(2.29157327002727e+103, 1.71090868935708e-32,  5.31232893578367e+184, 6147.55175587533, 6.93103357665744e+279,  5.92871189432898e+180), .Dim = c(6L, 1L)), origin = c(1.10232556674988e-152,  -5.77226490664983e-192, 5.85921155585348e+57, 8.25400423504468e-84,  5.37185806047134e+86, -7.10654425545614e+237, -1.50068042774653e+222,  -2.55082138101597e-191, 2.508185756681e+123, 5.96094123278471e+179,  -1.88273347179149e+86, 1.35389710979726e+31, 1.37161361418265e+99,  -3.06122496699391e-70, 6.96398099163469e+169, 1.41430742644254e-85,  -34543.1733826779, 32599890807.1303, -1.54856930949977e+206,  8.35307756177164e+268, 1.50973103810302e+230, -4.83348537494584e+265,  -2.04213767903424e-189, NA, -6.64098061001939e-239, 3.67939290815992e-274,  -2.90576165040724e+228, -1.5145463028231e-225, 5.66275611730777e-131,  -1.05242319320647e+269, -6.44320303844957e-50, -1.54856930949977e+206,  -5.53108847628595e+156, -3.49342665082389e+124, 2.29119916651793e+49,  -8.84381347763085e+99, 2.71295577216589e+211, 8.20062890745342e-306,  1.14306114766081e+123, -5.68111847630834e-164, 1.32236143111447e+22,  8.97324615118837e+133, -2.56251662448122e-35, 9.73606567276039e-113,  -1.44302936698142e-302, -8.97368981711101e-55, 0.372881441479922,  NaN, 7.12922815145974e+35, -1.84890670047471e+135, 3.81735440354022e-197,  -3.30010572442258e-105, -7.78725462908479e-14, -1.34062665182655e+63,  4.85347023068184e+237, 9.15342745627216e+141, -Inf, -2.61497308330604e-273,  4.17185054631809e-68, -1.81408137149841e+185, -1.47472785540652e-262,  1.94803519863451e+249, 4.1359239195681e+36, 3.14611468722525e-182,  3.70842315466011e-279, 1.98911038947646e-230, -3.63626157267629e-63,  6.43228974516454e+160, 5.94930379469017e+188, 6.13142861153528e+298,  -2.18346592138577e-51, -5.57190589916211e-93, 1.90069729950066e-151,  -3.99117271072248e+192, -7.33489701563501e-124, 2.81214214126342e+144,  -7.1151333374591e+108, -3.87649486992846e+208, 3.33359670221875e+174,  -4.56202931832295e-173, 9.04165378455523e-238, 9.66223727752222e+243,  4.17572744664707e+148, 0), pi = 6.94768763961615e+151, v = structure(c(3.10045080631114e-140,  5.64837120621297e+125, 4.06956751982026e+95, 6.59400621480488e+135,  1.18393360738069e-272, 5.35892842952669e-173, 2.86977581121643e-15,  2.2386738721768e+270, 2.98853116521547e+143, 3.08420528117937e+276,  3.33889424831818e-239, 2.00058425814441e-113, 2.46562043224079e-85,  1.89261876993418e-113, 1.78433108967668e+169, 9.46801839280429e-51,  2.48283345537456e-176, 8.21195771569161e+288, 4.5560582271321e+117,  1.0797329973067e+245, 3.91726596706926e-283, 2.36534175024629e+188,  4.62886637564784e+149, 1.95531992383552e-132, 2.24216371882707e+243,  3.15962229513625e-133, -Inf, 1.03502208669886e-277, 1.44329558427272e+189,  2.15560984776751e+185, 1.75933361941065e-114, 8.24221549962438e-287,  6.79398327699747e+55, 7.20263011526498e+40, 3.80926860974838e-156,  1.33550472691882e+204, 2.62538996893194e+129, 6.8576940616979e-16,  1.98743400939048e+154, 1.51886024823543e-282, 9.00123031400698e+84,  3.0243884984874e+234, 1.08707866440307e+120, 2.96591522379483e-146,  1.95816798750811e-131, 1.1753306209927e-122, 1.0936207305258e-194,  6.71962574015995e-160, Inf, -Inf, 1.92199862573809e-190, 4.96534090618195e+107,  1.35722207577192e-292, 3.18497333306282e+232, 3.64103714844602e-233,  2.88131094116101e+218, 76065827.688744, Inf, 2.8816084901775e+131,  1.27133442567742e+256, Inf, 2.58069493284837e+92, 1.83131586623993e+43,  2.30802117553111e-243, 3.00755495315194e+162, 9.88725471179051e+56,  6.83873559857537e-277, 4.07538849532164e+27, 1.15617076673217e+141,  5.3595347089513e+194, 1.83289283459492e-105, 3.22121394014806e-307,  5.10252627988266e-139, 1.55281134536723e-61, 2.06418845533417e+82,  8.83202732272626e-282, 4.79072923958292e+75, 6.2030748819062e-218,  27.5113146236504, 7.46244315476878e+67, 2460.21952908724), .Dim = c(9L,  9L)))
result <- do.call(icosa:::spherTriSurfs,testlist)
str(result)