testlist <- list(mu = c(1.95021702800518e-212, Inf, 7.75165342258649e-33,  -2.42718333106859e-287, -8.57833605862388e+159, -5.05002424190754e-26,  -Inf, 8.60394228304502e-187, Inf, 6.87554695528849e+95, NA, 1.79286035989989e+278,  2.6666846977081e-86, 0), pi = c(-4.70828095281199e+72, 8.79135626687515e-24,  NA, 3.8875714410782e+284, -1.01408555536055e-205, 1.18439603120667e-228,  -Inf, 1.10594608132172e+43, 2.58546758774206e-64, -7.0519414525004e-302,  6.97676675773579e-92, 104215.543351872, NA, -1.32635423173631e-125,  -3.92678204997681e-153, -3.56272607908093e+148, -124.067209921938,  2.57099289120431e-273, 1.97162076500408e-265, -1.20678658454874e-65,  1.187635602434e-209, 74256408872466644992, -2.16633784763446e+206,  1.41442146011244e-105, -9.09487923086121e-141, -Inf, -0.000573142591763657,  -1.12908698895278e+260, -83792754078918459392, -512378822826.103,  408758008.103014, -5.11670449616369e-64, 2.04697865917328e-231,  3.94454908602876e-146, 8.34896690509572e+102, 1.17503203678892e-184,  1.43666143113881e+269, 1.59351077000056e+182, 3.75164508286802e+229,  -3.12074298920801e+286, -9.2213752960701e+49, 3.28073015916313e-292,  -3.66345982900022e-115, 2.16175797342003e-37, 7.97197998107094e-154,  -1.30594123340378e+73, -1.48415938827097e+172, 0), sd = c(-2.43377566425596e-132,  -Inf, 3.58574173333166e-250, 295917.248715354, NaN, -3.67196624196335e+57,  1.54904086536941e+78, -1.81673947988353e-241, 1.49489331101893e+80,  NA, 1.14935284467087e-132, NaN, 1.8188347648277e+298, 1.49564369812576e-210 ), x = c(-3.16590064908336e+244, -4.86953981648902e-240, -1.03547226878381e-70,  1.14950041052199e+159, -1.13935430491352e-65, 3.56138077845296e+143,  2.09447000300832e-13, 6.98252651928601e-12, 3.36819869076792e+83,  -1.92390232890343e-210, -1.63075621117391e+115, 2.0304860864335e-72,  6.55315653394712e+281, -1.65039177043544e-90, 1.04359210849828e-129,  -40.0151085803459, 2.66436652016601e+136, NaN, 7.32390255683611e+110,  -1.460380815075e-46, -8.61599728909718e+188, 2.5632306084275e+232,  -6.48388420990282e-06, -1.74253601180048e-112, 4.11381120337237e+287,  4.49455623580247e+264, 6.69954070084236e+212, Inf, -4.41896584302608e-160,  -6.45670265499117e-59, -5.4368093668947e+42, -1.44426899728093e+75,  1.79121569335112e+251, 1.47346555947403e-108, -1.55748312547057e-236,  1.3962750184704e-227, -1.60032593373292e-265, -1.56539894051069e+299,  -8.65019202161436e-237, -3.26035311551737e-138, 3.08057744379585e+149,  -2.83764522213937e+69, -1.54854670639884e-99, -8.30475337215779e+91,  3.9229430540848e-158, -6.80544801814328e-07, -1.98490692856271e-218,  1.98180448206552e+218, 2.65207169115788e+113, 3.60518887569103e-103,  8.3345036976726e+82, 8.28416922877298e-91, 7.3638039606241e-65,  2.99590015648897e+67, -6.56830758224283e+99, -4.02896816653206e+223,  -9.89062337382836e+181, -3.5109953896465e-113, -8.51094093472299e-180,  -2.81261103507602e-109, 3.02959909910716e-208, -1.680188941042e+212,  -3.13104845040213e-46, 7.49605822578992e+235, -3.3684415911667e-45,  1.52542904494219e+187, 2.39980992605138e-27, 3.07523887873847e+110,  6.1415076642563e-19, 7.40174842572096e+53, 6.4999191862656e-63,  6.64760304515438e+74, -2.09932521786905e+65, 4.55659697362855e-214,  -1.22065921283355e+296, 1.95377549238931e+99, 9.63068898714182e+47,  4.24691551383421e-206, NaN, -7.82212654572775e-171, NaN, -1.42579040093225e+49,  -5.63411453758519e+116, -2.90564419276869e-184, 1.17275171258912e-143,  Inf, -7.1676326003563e-262, -2.6991416514709e-226, -6.87646001918788e-124,  -4.42983323754596e-139, -1.17942813570507e-193, 3.26398433910706e+78,  -2.63647093237783e-34, -2.11247604719539e+260, -1.96223059459908e+33,  -4.06735370585031e-42, NA, 0))
result <- do.call(mixR:::loglik_norm_C,testlist)
str(result)