testlist <- list(alpha = -1.9089761990075e-297, keepvec = c(-1.20828169697326e-181,  8.77002401778248e-85, 3.14691594587297e+108, -5.6704523489942e-139,  7.02239044492945e-119, -1.60366845759959e+261, -1.44472390091022e-61,  -3.84357593823372e-107, 9.05407294812438e+82, 6.86079204464395e+154,  -2.89693953495395e-287, -6.87071959622349e-171, -2.82814821745654e+47,  -2.21964721075154e+225, 1.81008093966026e+303, -1.60315109029404e+115,  -0.267042882098268, 6.00963050084064e-267, 5.47799924820444e+101,  -1.22223888539102e-135, 8.84288675905005e+307, -1.34303567684886e-159,  -1.32575713298952e-207, -9.88069929790413e+153, 9822700404681.4,  -2.9684223217043e+232, 6.69280501110429e+133, -2.08018872955058e+24,  -1.40191072342804e-99, 1.1679021692928e-91, 9.55254878285388e+114,  1.23225823663418e-240, -9.41640189187063e+235, 5.56833412238363e+260,  -2.95651586130928e+88, -2.99284033936328e-192, Inf, -1.20597812224598e-14,  -1.57725160276373e+105, -4.76144116996747e-176, 1.46588492690234e-170,  4.19759884017373e+245, 5.23706490596788e+174, -43498207124746682368,  1.26771843166756e-267, -4.32694881268045e-135, -6.62880542586613e-11,  3.71126478312628e+21, 7.81055499312347e+26, -6.9311260368986e-68,  NA, Inf, -3.2142962160835e-139, 1.08821478013256e+29, 8.80744831915493e-175,  6.07318965900019e-288, 9.9098752741169e+180, 1.16474632679374e+238,  4.53119263360466e-112, 2.87172054336273e+20, 3.15232719117406e+149,  -2.65198538486359e+241, Inf, 5.25978508590636e+305, 1.31330757373147e+119,  6.34810648479717e+100, -1.40923705325947e-301, 1.55892261425032e+60,  3.64560584934805e-43, -4.30038735729338e+104, -5.19988888307201e+255,  3.89919168824021e+62, 1.10687304935637e-98, 29.1552033721776,  -1.85109734562139e-299, -3.10410600142471e+267, 1.34105875045172e-238,  3.44625942918406e-103, -7.98353498606361e-91, NaN, -2.35475580408891e+167,  0), lambdas = c(8.69594125948724e-189, -1.08581653261855e+277,  -4.44248948623015e+204, -1.86679005954079e-91, 2.41892529261074e-124,  -4.49057221896795e-15, -1.19618909762763e-266, -3.36383651869472e+269,  2.33121480307312e-257, -5.49477137656779, NA, 1.27284088765056e+160,  -7.22324665445158e+40, Inf, Inf, -1.18917774856891e+232, 3.65551967027849e+286,  NA, -4.51348959468302e+172, -3.92798358333191e+88, -1.63824078901763e-266,  -1.48356138086975e-185, -2.74333046147824e-40, -1.14206941096413e+91,  -2.04622381211497e-82, Inf, -6.49708239595294e-80, 1.27653915584825e-197,  -5.57777306862512e-98, 2.05929216032861e-202, 2.08453849637503e-154,  2.42295198942212e-178, -2.93334605581998e-105, -2.59987504321608e+23,  0), m = c(-1.31253583016024e+211, 7.22978013780824e+206, -1.18446921581592e-25,  NaN, NaN, -6.64883751383319e+53, -7.11376493403453e+202, 5.66143955879421e+279,  9.98629046409512e-298, 6.84589751703475e-211, 8.19869359859879e+154,  -2.90546903929334, 4.07813067440744e+133, -1.20658704915888e-299,  4.78612912944632e+61, -3.91251367968884e-90, 2.86697538400601e+239,  1.27972416948577e+198, 5.84357536498681e-83, 3.20830554378899e+69,  2.22958723577027e-185, 5.84357536498681e-83, -4.33357881796624e-170,  1.08410742523024e+283, 3.93949234203533e+68, 1.41856551623321e-263,  1.84090554621785e-294, 1.40913111324267e+21, 2.52457443347998e-23,  -6.03600702446806e+33, -2104730.47744733, 8.03750168241976e-138,  -1.01800120017992e-85, -2.97172002474509e-209, 8.28581381044551e-188,  4.69860399365809e+306, 3.11763960666481e+46, 4.94796559442633,  -3.72762744973868e-80, 8.63169418335512e-215, 0.0842266932541322,  Inf, 1.06331863597154e+108, -1.35222019726419e-61, -7.60759546146306e-227,  53932395.0023092, -260182634972.141, 4.69170012561768e+66, 0),      n = numeric(0), Xmat = structure(c(2.98608409520115e+237,      2.17184180918866e+75, 3.15192088832216e+291, 3.20184060707195e-219,      0.000517255961627578, 546.887024292755, 1.30066302452657e+128,      2.78800907840629e+194, 3.95262301076576e+59, 1.14599275076463e+29,      1.22181101183471e+210, 3.2323101280569e-262, 2.60146515327625e-274,      5.54643055760118e-261, 5.77142872633511e-206, 5.82245191806307e+67,      2.12259790682779e-236, 4.09460757779767e-217, 1.247989847448e+244,      1.55270201961177e+202, 1.6013116860311e+131, 1.37887683036873e-272,      6.79025181202942e-143, 2.55099370724664e-251, 2.13831593117408e+244,      1.81461178796277e-180, 2.51386187521478e-68, 4.55807281014551e-137,      1.19634114086577e+198, 6.34662259873608e+192, 2.00444592841617e+241,      8.64748556796952e-100, 4.08422524837363e-73, 1.35762929058574e+41,      1.71922884412165e+74, 4.07255240095906e+151, 2.38400100618251e+66,      1.32383694021951e+234, 1.1216295450246e+177, 4.61192619365249e-109     ), .Dim = c(4L, 10L)), yvec = c(-3.43685155390427e+291, 1.86343307248131e-261,      -1.15853594802183e-120, 1.02887980911877e-110, 7.45575708676205e+138,      -2.32313204889636e+274, 3.66519080971965e-43, -9.94104067530423e+295,      2.48051743133836e-113, 6.7920145079402e+80, 1.28176577910986e-19,      4.25413251049014e-150, 1.29721869378615e-53, -1.36781202787402e+20,      -1.08715833340828e+151, 1.74964145148075e+197, 2.22436078126384e-73,      3.13250926267841e-141, -2.22546674056384e+90, -1.34230430200702e-148,      NA, 2.21876305969148e-277, -Inf, 5.69248703032083e-54, 8.17606574439056e-72,      1.45431455494936e-145, 2.8359877731103e+35, -7.98595635648393e+106,      -2.93047673108659e+53, 7.15037148399489e+172, 2.46886781629506e+95,      3.11461430342277e-20, 4.71357664029715e-293, -3.46526743567498e-199,      -5.59828731777772e-61, -3.72466427005813e-275, -3.66864999752787e+84,      -3.3923789860121e+159, -3.3220786488772e+232, 1.37935957765825e+196,      -5.17887367721227e+224, -4.54323772340492e-274, -1.14824801818567e-152,      3.25187584373865e+73, 3.47622844432496e-242, 3.29921327444749e-36,      1.21983681239501e-246, 3.54768799314679e-231, 0.0405031916376013,      6.13133208026776e-11, -9.87250266425882e-129, 3.98384616983331e+111,      -1.35182499589059e-54, 2.49061674053242e+122, 7.7128993918157e-45,      2.34117025505222e+153, -1.15515240550009e+120, -3.61690748502346e+139,      -1.43877153864612e+51, -3.7210484976802e-265, 4.61819208380265e-59,      3.85979032622711e-54, -3.5301302006991e-243, -1.04316511180284e-281,      -1.11999238412551e-246, -3.11526622691204e+249, -5.27694743165253e+218,      -5.96680339840558e+207, -3.40392656674214e+290, 2.64931644727819e+115,      -3.02285769369477e+151, -Inf, -5.2946110738943e+139, 1.87380122193139e-255,      Inf, 1.19057897648968e+116, -3.33554720202146e+193, -6.81213354007624e+115,      -1.17703279306874e-158, 374641.436361692, -4.50660924130549e+263,      -2.17008357793e+40, -1.60201750477226e+50, 6.69961516777963e+279,      3.75107242539494e-137, -280732505005074, 0))
result <- do.call(clogitL1:::clogitl1CV_c,testlist)
str(result)