testlist <- list(df = c(-6259207482729.19, 8.71709852563639e-46, -1.10298301220671e-268,  -1.61749373227715e-183, 2.82566205909813e-288, Inf, NA, -Inf,  9.73258517849197e-152, 2.31012782345945e-05, 2.60308355012114e+304,  1.97079647808089e-225, -Inf, -5.03944518316799e-122, -1.30690219321111e-168,  2.72222367818327e-249, 2.2463945059691e+273, -1.51992989915131e+175,  -1.77407677251383e+200, 2.36956950250888e-143, -1.4381432072175e-38,  5.20190237180252e-184, -1011.18329991875, 1.9241915568507e-31,  0), lmd = c(-4.58790108583038e-09, 8.90473193158471e-88, 5.31919764796978e+213,  7.86402681388899e+98, 4.05409205335409e-89, 1.25384466497441e-107,  -1.617242735162e-53, 5.02082871773365e-30, 39401272380241616,  8.19028469282655e-144, 5.48164688866439e+63, 3.16464638278723e+268,  1.58441283534854e+38, -2.18560326554749e+276, -1.74040034038231e-72,  -6.87020599073125e-35, -9.09857815643011e+81, 2.86096144903417e-173,  -2.2940637008183e+186, Inf, 4.43930693693363e+126, -5.29858883373009e+79,  -9.03230381620881e+217, -4.21544480747702e+223, 7.96760012477477e+179,  -1.94182687478305e-298, 5.43486858434483e+186, 6.99173297681339e+293,  -6.02908974649151e-114, 2.6682814858841e-273, -1.21626955310988e-228,  3.34856312547647e+245, 2.89529846984346e+276, 1.53644518698391e+133,  1.26242590204782e+41, 8.27816286352121e+152, 9.87697659719487e-95,  1.89781089400695e-128, 2.52221643818155e-150, 1.23149542945124e-166,  -8.61906106888273e-220, Inf, -1.04941189521869e+79, -1.00074624283245e+263,  0.00374653909414046, 7.93246170675857e-128, 2.75249434169515e-42,  -1.73414199477449e-168, -3.46389298363392e+188, -1.53038767441371e-177,  -3.16055669073708e-119, -1.58571343987856e+202, 944292.636210508,  1.06096347404336e+148, -9.37301192927142e+67, -7.80489080328646e+278,  3.28376761802479e-198, -3.55144870346313e+238, -1.12635456709272e-262,  8.38470153452342e-237, 4.00139010430254e+223, -1.20185740798558e+177,  -8.96826840279271e-173, -2.27043373679564e+123, -6.80029246051205e+176,  4.52050155584134e-221, -1.17269549917745e+108, 3.74590619752382e-263,  5.75761343615102e-275, 1.93161603103344e+117, -3.90628149382913e-168,  NaN, 8.2869886263031e-240, 2.94910555979976e+258, -3.50397789068482e-192,  1.89998040453574e+50, -1.85753368136979e+185, -1.58086970709351e+63,  7.1589511752515e+68, 4.88545979335345e-23, 3.88013228579875e-77,  2.12435869430551e+191, -5.69757037332118e-271, 1.32146485573848e-255,  1.5077783947056e-74, -3.77364837852685e+211, 4.2793692986742e-242,  -9.56709343324483e+191, -6.99062156480292e+34, -3.84085915816683e-157,  NaN, 3.06051257165492e+49, 0), phi = c(8.61231530941469e-99,  7.55199308673717e-264, -3.85593324513108e+243, 4.39181771833701e-132,  -1.3678760038304e-23, 2.43006602134044e-22, 8.4866214857882e+292,  1.13950255390686e+27, 1.88041153025294e-144, 7.08324947079581e-154,  -5098797534181621760, 3.25836670475424e-240, 4.73148670483627e+257,  7.32461109176971e-187, 776.113655911529, -3.69430556194459e-87,  -2.59135380824737e-220, Inf, 1.69252787224422e-287, -Inf, 2.85596888510832e-25,  -4.71473426582979e+83, 5.21495768983493e+111, 3.60063917385646e+148,  1.7328153507e+212, -2.1147484605593e-152, -1.22108915785132e-89,  7.27000852817179e-259, 9.68874005769785e+288, 9.0304703906277e-84,  8331578.78609847, 1.63583185285584e-65, -3.55370109660611e-287,  6.47095664780011e-245, -1.97739535936869e-95, -1.80165799774555e-185,  -8.23329688473975e+209, 2.67199727861453e-194, NaN, 3.90865940845827e+142,  -1.01150027124632e-20, -1.44781102525366e-41, -1.16439387877715e+82,  -2.13310836143877e-177, 1.6946728440806e+300, -1.22087052566773e-247,  5.09445454081429e+229, 1.24330202409455e-240, -4.45539763433348e+97,  1.23978394722687e+116, 5.19041692141575e+247, 4.27188926763922e+278,  -3.59169559453645e+40, -2.02235688151618e-303, -1.18869406458033e+198,  -2.15655096623583e+83, 65299005615831.6, 1.40274635384466e-58,  -2.11750634754989e-120, Inf, 0))
result <- do.call(dng:::splitt_var,testlist)
str(result)