testlist <- list(b = c(1.86182119668709e-265, 8.59248729571357e-194, NA,  1.67705199859151e-126, 6.31964843757254e-92, -4.93345064415723e+63,  8.56266164850588e-186, -5.68340355042804e-08, -1.61062980483752e-292,  -2.37420028694871e+52, 1.68180492146515e+305, -2.35707539918615e+176,  -1.28575222245758e+66, 2.8568293383653e+44, -2.00964049305064e-240,  2.1079913472539e-278, -2.37297904540855e-111, 1.71580635068945e-37,  -1.24495156107293e+217, 1.67705199859151e-126, -4.64846409386724e+247,  Inf, 7.98483099050635e+296, -Inf), d = c(2.347467500236e+194,  8.51736111068217e-299, 1.09660975161817e-82, 4.90091597237987e-231,  Inf, -70892323.7132851, -3.26628935526814e-146, -4.2919953214752e-274,  1.87454300207238e-213, -2.82636375272893e+242, 3.33680456940332e+72,  -5648992989240895488, 1.31102883758502e+20, -9.88333526454417e+180,  558509363728.016, -1.10996201579461e+24, 1.01937848801256e-227,  2.56626685575824e-123, -7.71687660401274e+118, 1.27129974822581e+210,  -2.11711086615567e+210, -1.56434094533882e-293, 1.70562167242023e+128,  1.11116872396944e-276, -7.08877634699548e-62, 2.91138305798232e+242,  2.08815386546913e+65, 6.63211269029651e+172, -9.0230990947095e+220,  -4.8026925208314e-290, NA, 3.32410535999189e+272, NaN, NA, 3.60580206901171e+96,  -3.6066362150613e-276, -9.56784048930206e-197, -1.83285405718471e+131,  -3.77879239173105e-11, -Inf, 4.44519168036087e-167, -3.02279379753989e-159,  1.09778630086804e-80, 1.66189535735348e-50, -2.08365903083897e+53,  -8.2670742075036e-25, -5.07520142288933e+142, 3.88099823912094e+35,  1.55813070629058e+97, -8.31748137992873e+126, 1.26461167008522e-13,  1.44000873046106e-257, 1.12284137516355e-62, -2.3301047719299e+137,  3.0835080852023e-173, 2.06584126416271e-116, 1.0973816155693e+58,  1.59361654979574e+192, 2.3964172954578e+239, -9.07751337712012e+241,  -2.51189776250315e-36, -4.51952421201339e+99, 1.43734615745124e-93,  -3.21961703170204e-67, 1.02509291250444e-283, 0), e = c(-2.71913800459302e+252,  7.5336156413237e-300, 0.0157856165574405, 6.62696695752097e+41,  -2.72232821699e+268, 2.32684936383861e+250, -989791873522.846,  1.36129879463094e-55, -1.16831105496373e-210, -3.91217657373246e-205,  -1.24046057160528e+116, 4.12842644262749e-299, -2.70384049258155e-59,  2.42083965851682e+199, 1.03176665725582e-258, 7.27542787903944e+128,  8.96738957652754e-271, -3.78226567734529e+104, -Inf, -7.36796164732359e+75,  7.53858558691499e-149, 622855.653060569, NA, -7.9673458649839e-215,  -10435178.0851391, 1.37451064323243e-182, -1.09978050228268e-75,  7.48953601442167e+84, 5.74689515732871e-254, -Inf, -1.08708380667157e-63,  5.46111686697142e+133, -1.50436392245321e+259, -7.60275462565899e+176,  1.59439616444662e+47, 2.82132933902447e-113, -3.62556598967659e-237,  9.75588709262644e+173, 6.42222460585278e-57, -8.26240085954465e+242,  2.25956346328044e-121, -1.92336255792182e+56, -7.72507737548421e+32,  -1.02036041966278e-119, -1.07678344056858e-103, -788955641.788075,  -1.57089323628215e-214, 1.58877479778375e+246, -1.64158222469929e-243,  2.28667804402791e+300, -1.91719588702067e+217, 3.55185336128221e-156,  6.01732532447478e-30, -5.31907102563939e-201, -2634456.68013366,  1.7081208528432e+174, -1.59321896183886e-273, NA, 9.57555202407996e+44,  421384932786.015, -1.40600494812119e-160, 9.32620125033283e-22,  4.75799455721479e-266, 0), L = c(-4.91778431160473e-190, -1.60173319070863e-288,  -1.70561478547328e-180, -1.72100483834551e+214, -1.06469052960584e+108,  5.30840056161118e+247, -1.92195336260956e+230, 1.40183745286038e-251,  2.44657110641347e-202, 3.61908220544921e+232, 6.26769178344954e+106,  -6.50268801795243e+39, -8.52090972833686e-243, 5.07167233114425e-297,  -3.96131443294412e+39, -2.41136594039269e+147, -Inf, -1.58756543453596e-223,  -7.5026283303174e+74, -1.59895465530322e-56, -8.82369834311041e-86,  -1.40834860139991e+301, 1.89438545213693e+110, 3.94156049219818e-160,  -6.98778323396134e+272, -3.71705455922055e+113, -3.47837672909607e+240,  -1.90396661407875e+90, -1.87584277832625e-132, -3.80044145891106e+207,  -2.43953724918433e-110, -3.39612622990778e+244, -1.88794380101401e+257,  9.2341966159596e-245, 7.823543603568e-211, 1.81200193887973e+187,  6.46123040995319e-175, 2.94715994059025e-110, -1.10384124114116e-127,  -Inf, 2.74843618458291e-302, -6.31855662290107e+226, -4.66515638385215e-167,  -4.61774793254729e+226, -1.89854942009054e-73, 1.66196340921441e-146,  -Inf, -1.50563426452497e-133, 2.33531819126398e-48, -2.3786366604244e-247,  2.10240349093659e-205, NA, 2.10326511388139e-190, -7.92196855972706e+73,  -6.71018305130029e-198, -3.43330386337989e-07, 1.31823378434845e-195,  -2.01185503669436e-178, -6.91864649846562e-237, 4.42750637431984e+299,  -3.49165285775292e+295, -Inf), pi = 1.06922002598843e-155, Ve = -1.29290757252381e+126,      X = structure(c(1.22234300782218e-138, 8.53747067614014e+40,      3.02496149953608e+27, 174425067449.616, 9.06801746410405e-107,      3.00293653119763e-89, 1.10659130168669e+170, 2.20603125889543e+80,      1.77718182149703e-254, 2.82627121212803e-124, 6.31197614686632e-242,      1.28081037494193e+183, 8.40978389503542e-100, 1.91416779697196e+257,      4.14559590016172e+282, 5.08588612649749e-164, 1.06852206692443e-108,      3.73635027477517e+266, 5.25005384089122e+104, 2.92828745928629e+271,      7.90090351876957e-08, 3.38715098586941e-116, 1.03077723600806e+250,      1.27424307497894e-157), .Dim = c(4L, 6L)), xx = c(-1.98646041691734e+30,      -2.52110009689108e-78, -7.10545111427126e-119, 1.47086662706628e-210,      -7839326605918428, -6.45594462994172e+83, 1.16236429343907e+175,      -1.94918897568268e+143, NA, 7.3470173037793e+20, -3.73780613192603e+79,      -1.46110877708642e-09, -1.7017605697214e-142, -3.67560846468248e-291,      -2.65608126085513e+228, NaN, 2.79310184501462e-201, 5.4431929869581e+192,      -1.10929219022373e-143, 8.83510391596151e+150, -1.45694079165408e+234,      -1.62121793408748e-49, -Inf, 1.50059574173387e-184, -5.11576530765394e+91,      -1.04785133304601e-265, -3.876924080834e+231, 1.3827591798756e-201,      6.83132947213003e-271, -6.0650714275641e+152, Inf, -9.97004931017271e-186,      4.57809390364366e-85, -1.09754060911278e+229, -5.65895822188031e+98,      1.09700024631501e-219, 4.03431346723422e-225, 1.35754736743783e-138,      2.92354391726124e+68, 3.44969543880475e-115))
result <- do.call(NAM:::KMUP,testlist)
str(result)