testlist <- list(x = c(-3.47382423251313e+217, -2.03972603666672e-52, 1.0796661742624e+126,  -3.28380250280907e-112, 1.74890701732475e+199, 0.574787224069035,  1.0442032921473e+287, -5.35167198812867e-282, -2.30008045030205e-54,  -4.67092785719388e-216, 5.35312419296945e+270, -8.01899469852687e-153,  -4195432444043207, -1.11216753623518e+28, Inf, 4.49263601960275e+60,  1.74934212581856e-126, -9.10219752969356e-229, 1.09605464033584e+181,  -8.00844875809103e-299, -107284169377597, -7.25302337514879e+96,  -4.88211366022303e+39, -1.09862301153434e-146, -3.19314503254494e-256,  -1.82519698189759e+84, -5.28883591720006e-288, -3.77709614374508e-14,  8.45757880221031e-306, 5.81554536637954e+181, 1.34449548503297e+36,  -3.91420039905831e+58, NaN, 1.62716781816915e+97, 2.36186209557529e-72,  1.42324182270424e-34, 1.44667299554621e-13, 2.01747556670255e+34,  -3.81879994974587e+31, 2.12920288914206e+53, -1.23547289490223e-77,  6.14966477320837e-175, -1.67941945152208e+234, -243927517352848,  1.57927813541841e+156, 8.97256068831512e-268, -3.46544930223373e-13,  -2.24248979465425e+105, NaN, -1.8119423362298e-217, -2.59003877074604e+262,  -1.1708982450053e+169, NA, 3.65030709662795e+91, -2.51636749513302e-136,  -2.10596315958488e-33, 1.46555351697565e+72, 3.03702066569113e+307,  4.43325950540732e+151, -2.70061377268725e-264, 2.71977126557047e+103,  0.00856915869452299, -1.61914597254407e+38, 5.86318364218683e+88,  3.90011235064326e-44, -2.09240680126335e-227, 1.6055965210871e-230,  6.70823822439617e-39, 5.3742884242245e-86, -3.09877353757005e-52,  -1.20872103466646e-125, 2.63107853018281e-130, -2.37715569806947e+290,  8.94250040384612e+51, 5.41554455300494e-212, -6.91276720316198e-273,  NaN, 3.87817129630641e-242, 4.37494443262508e+191, 5.18492025036339e+20,  3.75897721980424e+190, 6.80129708548488e+56, -3.61746581314587e-51,  -3.64369743295169e+236, 1.2832469807554e+89, -2.21918543903904e+162,  1.66773667999344e+291, -2.83987293849608e+196, -4.62704376902286e+220,  1.29947460638428e+206, -1.96005957584382e-211, 0), y = c(-Inf,  -8.42002688700963e-80, NaN, -1.34079413750545e+260, -2.70243977904209e-301,  3.72867656454701e-187, 2.32689119944585e+132, 14529602211.9772,  1.34259424266997e-137, -2.63784771649171e-103, -7.41000876880626e-278,  3.01568414376183e-37, 4.80069770556049e-226, -Inf, -3.30867193095667e-19,  4.1337150869046e-175, 1.51590381340853e+192, -7.65887491637963e+273,  8.97547060286072e-117, -1.14205234304245e+86, 3.75611731895393e+26,  -5.2670830378191e+291, 8.58364166696205e-294, 4.5372222874878e+285,  3.65874673864799e-179, Inf, 9.89849127301366e-92, 0), z = c(Inf,  -6.36162822345702e+91, -3.25086038158427e-31, -1.03116788940649e+176,  -1.29319109785958e-168, 4.05731954604833e-135, NaN, -2.83196385525184e+220,  2.95572078532837e+150, -3.40163640526398e+149, -3.16671323812905e-88,  3.45889585082434e+158, -8.46125985811852e+67, -1.25518877002695e+203,  Inf, 2.11581155094105e-82, -Inf, -9.29941700978396e-224, -4.64947211297304e-11,  -6.08538097974662e-94, -1.24978711986907e+73, -6.47386713899951e+169,  5.13134841550774e+140, 4.61874849228921e-303, Inf, 7.02392087273346e+206,  7.09733912467412e+126, 2.31248308634355e-153, 2.1270228696463e+166,  -1.38035177236383e-65, 0), accel_input = c(-1.83239237735207e-102,  -5.44276336536616e-211, -6.75955167444112e-40, -1.52479119309833e+164,  -2.59511698911285e+210, -1.30659935128959e+169, 1.16832778286469e-178,  -1.8321358789538e+283, 5.71887565703211e-76, -6.98063151556246e+74,  -5.47405227974676e+225, 1.7875566079245e-156, 1.73354219925383e-61,  6.0388381697322e+172, -1.55126597453789e-37, -3.46226835632025e-98,  -4.5980753909861e-175, 4.52173244756291e+34, NA, -1.82735744489759e-37,  2.20822409097156e+72, -1.96006844987876e-267, 7.45572575587726e-117,  -4.48805777266883e-178, -Inf, Inf, NaN), samp_rate = 43691040L,      vector_size = 965044073L, k1 = -4.13946677028134e-223, k2 = -3.71007670628958e+295,      k3 = 1.4061769035493e-111, ncores = -1755496365L, l_const = -4.95189684683758e-06,      mu1 = 4.49513977947164e-300, mu2 = -1.33142090207326e+23,      kappa_opt = 8.80340302367038e+292, logK = 4.65423890542505e-85,      log_I0_kappa_opt = -1.25002341584222e+182, log_const_vmcos = -1.69915467755826e-87,      mode_1 = -1.98758422395412e+217, mode_2 = -3.81848449929176e-199,      n = -164577095L, unifpropn = -2.97532338484649e+69, vmpropn = -7.72721898928751e-16,      I_upper_bd = -3.90273034706978e-168, log_const_vmsin = -2.76332369871508e-256,      k = 4.2913428360563e+257, mu = 2.13936278438989e-92, d = -6.39286543938038e+143,      m_x = -1549899500L, m_y = -1575487073L, m_z = -1790624193L)
result <- do.call(BNSL:::Jeffreys_mi,testlist)
str(result)