testlist <- list(aa = c(-6.83635203948289e+298, NA, 6.8999515615978e-211,  -Inf, 3.00710481789597e+201, 4.4315188030488e+116, -2.43021824771793e-233,  1.67794859866685e+302, 1.7371600161575e-16, 1.93307503337781e+232,  1.67966355371602e-48, -2.80717228258423e-257, 3.58704150699837e+118,  Inf, 7.46387421316003e+299, -2.43646128416475e+37, -3.37645198508676e+200,  -4.81167677719237e-282, 0), bb = structure(c(9.00985759397135e-253,  5.36658016811071e+215, 5.48933068828139e+32, 6.02914588965835e-141,  2.45080610711814e-48, 9.55951306323648e+191, 4.42891180381915e-260,  9.83001948064128e+85, 5.27627761578105e+155, 2.13075547267778e-105,  2.24818189460323e+124, 3.19915188966097e-61, 1.0488020896394e+209,  1.5356332313004e-304, 1.57004547340183e+24, 4.84861349315702e-17,  5.70555219403349e-268, 2.0580522864063e+204, 1.2744991774444e-110,  3.65243573375213e+53, 4.90526090007785e-271, 3.33521195115342e+100,  1.48420610181795e-255, 1.61843674517023e-162, 7.48487545177954e-101,  2.92181920931166e+81, 1.72175264497378e-237, 5.78657689773777e+170,  3.27191180725794e-143, 2.27512349846471e+120, 7.94802801315145e+252,  1.17331694855996e+21, 1.85169462663093e+256, 7.46905926647381e-39,  6.22947872033049e-56, 6.60143982911723e+123, 4.21035743240091e+46,  2.0347305012305e+111, 3.16315122589291e-52, 7.89436229199902e-95,  7.95069733238042e-171, 1.54765121877798e+288, 5.7926006472785e+37,  3.33159634753631e+167, 2.65829169647029e-135, 6.10645632889538e+157,  5.54770210278446e+144, 1.95509609628365e-232, 4.60934393783688e+81,  3.11961376988484e+150, 1.23327228692613e+20, 2.97740326894505e+307,  6.09712607608337e-184, 5.02245539787578e+224, 2.31760137682451e+285,  1.09825072480735e-138, 7.03142922198973e-236, 1.95847324910569e-239,  2.68815187165983e-242, 3.07582557402477e+234, 2.34910294326445e+252,  2.68789849036353e+248, 1.67639684801114e-233, 5.44715089809078e+22,  8.74645562001358e-58, 4.2092292872359e+170, 9.53515673408034e+22,  1.86410769164577e-227, 1.60558397681697e+184, 866480683337.953,  1.01895130979447e+251, 1.78322711637811e-162, 2.33008718803518e+32,  5.8614411941606e-204, 4.34362498199793e-167, 3.44671600464899e-234,  5.49447542511594e+175, 2.98553462954452e+262, 6.30066024999451e+189,  1.50218777228157e-268, 3.10989722876234e-277, 1.40099107480151e+194,  1.36215433172639e+255, 5.24857795346546e-49, 3.1221161430735e+24,  5.53117405709341e+290, 3.10371384775957e-64, 3.12376584678573e-304,  4.94161677537904e+232, 1.33402498567472e+38), .Dim = 9:10), h = c(-1.13446561018257e+37,  2.2579503783156e+189, 2.17083887879829e+177, 3.41743432481016e-248,  2.15322320148802e+45, 4.36861492451673e+146, 2.04112597490167e-41,  -1.11110193838166e+222, 1.06660504243531e-136, -1.82006589698246e+295,  -3.84333504816351e-147, 1.49809523332588e-148, 2.84246171872434e+101,  -7.95179656941263e+248, 9.35945496314353e+213, -3.9992405985026e+80,  -5.55742004975832e-137, -8.61353415304147e-153, -2.34823877436844e+59,  -Inf, 1.05700871280261e+21, -3.73864674466662e+305, 1.09051090145603e-164,  8.84581318884649e+215, -1.73261911774918e+193, 2.65758617275773e+228,  1.04146949524548e+156, -3.95836559355248e-22, -1.32168309287399e-85,  -7.88465099164846e+59, -6.88187066283091e+256, -8.99655365810909e+182,  -1.51584173754904e+173, -6.99602514594836e+223, -8.82494776369874e+83,  -3.95836559355248e-22, 1.25785581620462e-207, 2.5402342616538e-207,  -1.14609671811087e-62, -7.05636860453845e-111, -4.82444838187425e-138,  -7.11322534858675e-41, -8.64339446619649e+280, 2.12505979784195e+266,  6.79730640006016e-30, 6.09769250647214e-240, -1.91123565045979e-244,  8.64318999062842e+142, -1.46385725601313e+300, -7.91240228173994e-17,  -1.44230819592038e-169, -7.62725218905288e-95, -3.44269675098384e-186,  -1.03927309280596e+87, -4.10502861324104e-243, -5.86602736094649e-294,  -8.68540291287197e-116, -1.97988982847274e+72, 2.86806279449749e-125,  -1.37637570321877e-202, -2.76444289197424e-69, -2.23863595265077e-217,  -3.1870657914103e+246, -1.69705346297437e-255, 2.21083196315511e+195,  -1.3970389901683e+193, Inf, -2.74701977675041e+21, 3.27660960323856e-105,  -4.82956854080352e-254, -1.21090353432856e+88, NA, 0), q = 1543946003L)
result <- do.call(NAM:::timesVec,testlist)
str(result)