testlist <- list(x = c(-1.80116854193493e+222, 1.33666228221011e+207, -6.64005353482017e-43,  -4.2545913842609e+284, NA, 8.18474376668625e-69, -5.62484628556889e+230,  2040743.26607916, 1.48390718869974e-32, 8.38513108121048e+192,  -1.88886630378653e+71, -3.49492094864851e+183, -2.77331667856805e+64,  1.74185295772674e-160, -2.21149288058711e+51, Inf, 5.93156179431756e-18,  1.25530764339687e-136, -401681.32610179, 2.45091647855303e-14,  -3.18819124407436e+31, 5.42215911632455e-223, 2.25545804701277e+201,  1.14766199902787e-247, -6.72473697463337e-53, -2.45716279556408e+125,  4.90228357692854e+55, -4.10346833671876e-224, 2.48629340449355e+227,  1.31723567905808e+305, 6.09656315161318e+270, 4.09347311464648e-210,  -1.28844254456872e+60, -6.04300141383772e+78, 4.1846844888961e-190,  -7.56790584728798e-309, 2.49278901537567e+120, -2.45716279556408e+125,  2.77908133580931e-167, -1.15366842775134e-224, -1.99937364920799e+73,  -Inf, 1.27622767897111e+77, -6.11154274290849e-76, 3.14479918859475e-288,  1.54071622168724e+172, -1.7197905441496e-212, -1.69414715038908e-270,  -1.77787269785926e+305, -2.0840606917806e-194, 451.443581823031,  3.02763002137055e-179, 8.97322336257172e+177, 8.62409708791347e-86,  3.18575910333184e-93, 6.83018988946353e+240, 7.31699932212257e+70,  7.60882039329945e-69, 0), y = c(9.26277723830936e-271, -1.30914738980057e+104,  1.87001835794546e-97, 1.20912771422756e-165, 9.84564628937208e+228,  -6.78585047644581e+98, -1.36734480518537e+115, 6.13043032228402e-27,  -Inf, 5.23053642461651e-131, NaN, Inf, -7.51624099161883e-260,  Inf, -6.86550516590068e-103, 3.35576642893443e-14, 0), z = c(Inf,  -6.36162822345702e+91, -3.25086038158427e-31, -1.03116788940649e+176,  -1.29319109785958e-168, 4.05731954604833e-135, NaN, -2.83196385525184e+220,  2.95572078532837e+150, -3.40163640526398e+149, -3.16671323812905e-88,  3.45889585082434e+158, -8.46125985811852e+67, -1.25518877002695e+203,  Inf, 2.11581155094105e-82, -Inf, -9.29941700978396e-224, -4.64947211297304e-11,  -6.08538097974662e-94, -1.24978711986907e+73, -6.47386713899951e+169,  5.13134841550774e+140, 4.61874849228921e-303, Inf, 7.02392087273346e+206,  7.09733912467412e+126, 2.31248308634355e-153, 2.1270228696463e+166,  -1.38035177236383e-65, 0), accel_input = c(-1.83239237735207e-102,  -5.44276336536616e-211, -6.75955167444112e-40, -1.52479119309833e+164,  -2.59511698911285e+210, -1.30659935128959e+169, 1.16832778286469e-178,  -1.8321358789538e+283, 5.71887565703211e-76, -6.98063151556246e+74,  -5.47405227974676e+225, 1.7875566079245e-156, 1.73354219925383e-61,  6.0388381697322e+172, -1.55126597453789e-37, -3.46226835632025e-98,  -4.5980753909861e-175, 4.52173244756291e+34, NA, -1.82735744489759e-37,  2.20822409097156e+72, -1.96006844987876e-267, 7.45572575587726e-117,  -4.48805777266883e-178, -Inf, Inf, NaN), samp_rate = 43691040L,      vector_size = 965044073L, k1 = -4.13946677028134e-223, k2 = -3.71007670628958e+295,      k3 = 1.4061769035493e-111, ncores = -1755496365L, l_const = -4.95189684683758e-06,      mu1 = 4.49513977947164e-300, mu2 = -1.33142090207326e+23,      kappa_opt = 8.80340302367038e+292, logK = 4.65423890542505e-85,      log_I0_kappa_opt = -1.25002341584222e+182, log_const_vmcos = -1.69915467755826e-87,      mode_1 = -1.98758422395412e+217, mode_2 = -3.81848449929176e-199,      n = -164577095L, unifpropn = -2.97532338484649e+69, vmpropn = -7.72721898928751e-16,      I_upper_bd = -3.90273034706978e-168, log_const_vmsin = -2.76332369871508e-256,      k = 4.2913428360563e+257, mu = 2.13936278438989e-92, d = -6.39286543938038e+143,      m_x = 786341492L, m_y = 285243582L, m_z = -1790624193L)
result <- do.call(BNSL:::Jeffreys_cmi,testlist)
str(result)