testlist <- list(cv1 = c(5.60144466146776e+304, -3.82157575249213e-133, 9.22737457147323e-133,  -9.34133300463614e-80, 5.48984635729096e-97, 1.69730226903469e+27,  1.14131674009106e-223, -1.62405465321101e-180, -4.71408075346355e-189,  6.85287637355954e+80, 5.60501862750566e+164, 6.91955109560241e-162,  6.11084664109976e-224, -4.47209600442752e+137, -7.15578948476703e+165,  -3.46615584823732e-129, -5.48561875751756e-177, -3.69943629093659e-157,  1.44912797765473e-215, 4.69640467496437e-261, 1.42877197079704e-179,  -4.30957300279528e-221, 9.28007577253547e+226, 3.32341255374663e+66,  1.24791187392562e-82, 1.45268200817132e+84, 6.55396247005606e-102,  3.00061508317342e-16, 1.75563861111345e+205, -2.37351370693669e+225,  7.53442094340135e-280, 5.70457458563814e-124, 4.47983757549556e-264,  1.9492494645602e-41, 1.53742858688546e-50, 3.03054370931199e+296,  1.01611597901451e+181, 4.15485324373692e+79, 6.70164409321362e+143,  -8.34756118145314e+106, 1.8019984230445e-122, 1.73391661332737e+136,  2.70245798728462e-211, 2.53273541164132e+84, 1.58595553688224e+152,  7.20473187203141e-144, -34.3976495243416, 1.00553756497247e-103,  6.87609112815928e-99, -1.21324935570077e+207, 6.58287228354895e-34,  Inf, NaN, 5.90623794180859e+46, 1.10353176736572e+183, -2.0853942533406e-274,  1.37886524078028e-170, -2.11487052171883e-41, -7.48578983148444e-31,  -1.28744588044538e+148, -7.93435518470875e-140, -5.38571377385961e-210,  2.10157889213935e-261, -Inf, 6.92409910150114e-22, 1.2714462113586e-178,  4.86597049065636e-74, 1.52486075226255e+149, 5.65876483273504e-39,  -1.93736773817188e+159, 1.82471602850343e-274, 2.78263163289676e-37,  -2.38895996796004e-178, -8.25994038488389e+107, 4.39536664859975e+115,  5.04349857269455e-235, 2.59704216889518e-42, 1.89231971134911e-285,  1.2734687155252e+243, -1.68397489117368e-125, -5.88896266045712e-258,  5.79454986626013e-175, Inf, 4.28602683836156e-124, -5.85279308592923e-27,  8.62771867528937e+21, -9.23362290067835e-277, -2.20487809511741e+221,  -4.38664694113015e-298, -5.98610177404774e+91, -8.82340716809983e-175,  -6.51048653103972e-85, -Inf, -3.85363126686348e-16, -2.48303898253012e-145,  3.01542836850641e-217, 1.30291843247834e+278, 0), cv2 = c(1.91689185895616e+57,  Inf, 1.34587630882353e+159, 8.63522469223417e-65, -9.84855011069016e+238,  -3.14856885530512e+156, -7.92298688810865e-71, -5.30593391660502e-271,  -7.93223879868374e-142, -2.89148845830524e-90, -3.30929702498178e+168,  NaN, NaN, 2.64008926074487e-276, -8.70127980216173e+209, -2.16270016579763e+206,  -1.47530346806996e+88, -3.56153751862896e+269, -2.8351096145832e-37,  -8.24664280487803e+64, -1.18694219973406e-261, 7.24479630309557e-113,  -7.4974002555366e-292, -5.5187157092972e-232, 1.12219122677747e-258,  -2.77522096314472e-264, -2.83874214010331e+272, -2.40878701477679e-34,  -1.10428215109724e-219, 9.61795197316423e-76, 8.48717300676519e-288,  -1.24472976320532e+62, NA, 1.10414914418831e-64, -8.09795123781536e-71,  -5.57745401375661e+267, 9.63680798797608e+117, 1.38434425490322e+299,  -2.42917704193255e+36, 8.77058269566957e-284, 0), cv3 = c(-5.18599810168424e+20,  3.04562222971001e-225, 4.89115837404403e-176, -1.738923674731e-112,  6.47994504360133e-35, -3.01282101234275e-304, 1.58079045444855e+117,  -1.99777843746086e+51, -1.68684168011681e-60, -3.10084050358391e+31,  2.04846471734587e+32, 9.04079705387161e+181, 1.70582905947724e-237,  -5.57590772826809e+32, 8.65145219965821e-252, 1.59565582788841e+265,  -9.01844774580291e+26, -7.25303395579339e-279, -2.07332682037517e+241,  2.54584030500271e+241, -1.45947079915282e-164, 2.87385938491133e-29,  -3.28938468474993e+98, -Inf, 6.34228483199966e+293, -5.44013346797459e-122,  NA, 6.28710433561753e+94, -2.37213112160636e-78, -5.96148537906269e+88,  4.40462772085273e+123, 5.5996797590893e+160, 1.41273505053252e-220,  8.34890481434568e+182, 1.09620349932893e+149, 1.67210559652537e+104,  NaN, -1352.78728953008, 4.08062633566925e+152, 0.0284562451163251,  -7.39103180013667e-307, NaN, 7.7090497157115e-10, 9.65320805855906e-105,  -1.57570249541289e+236, 5.28384868570887e+85, -1.80022773788626e-264,  -2.399766697149e-272, 1.9721777554155e-188, -9.66154218303753e+95,  -6.65769652224465e-308, 1.13160827720368e+217, -6.48262882059528e-202,  -4.64982267605923e+138, 4.72100017808904e-245, -1.08768826635981e+109,  2.649943892085e+270, 2.55435636238684e-262, 4.28985981919729e-135,  -5.88799719165751e-177, -0.165475642354514, -4.60646541300435e+46,  2.5097901713051e+92, 3.17485224531138e-130, -1.09161748850315e-36,  1.89117945995e+127, 9.41316032524952e+52, 2.49881650196361e+112,  8.28273619684292e+33, -4.18877376982496e-275, -3.00403033374388e-195,  -6.32785086227727e+289, 1.2075579966385e-87, 6.18100880060308e+20,  4.22984603201337e+40, -4.12405373232721e-08, 8.44646120165245e+135,  -7.68014826243325e-19, 2.49331124110852e-152, -1.82347620444508e+235,  8.33224597610509e+114, -9.08678867933626e+223, -1.3404053903673e+87,  4.5547639546223e-214, -1.74455855064727e-147, 83.0489135577416,  5.355471197749e-249, -6.68860834189218e-158, 4.20623783945864e+68,  -1.53810292827385e+305, 3.64614894752962e+113, -7.39589497522101e-214,  -2.47206479521555e-250, 3.34374694402767e+87, -8.93723821776381e+73,  6.61603941693308e+191, 0), heights = c(1.45740285985984e-91,  -1.76449930635549e+129, -2.61065990687536e+190, -1.89883917435029e+159,  NaN, -3.51064661788072e+256, -6.07213447759249e-283, -9.02948662028966e+111,  -2.59138969776191e-244, 2.5800615191152e+196, -6.05758539577905e-175,  -1.51833485641212e+306, -7.73819886175635e+74, Inf, -2.34546687847847e-43,  2.70731401033566e+65, -3.25374591800774e-217, -7.94210194274558e+204,  -2.27119486155017e+217, 5.82219698088449e+179, 3.00439212652482e+43,  -8.12394870292316e+42, -968743450889.873, 3.10513881492885e+74,  -6.91255084592051e-155, 6.47660556417692e-279, -4.16295812538984e+82,  7.35972537613359e-49, 1.80483183231763e-114, -1.6752544866934e+167,  -1.40162031907546e+209, NA, 2.53484997894229e-31, -1.91950028531093e+181,  4.56785888449184e-127, -1.28060109894473e+149, 9.44674610328987e-146,  -5.66136322501008e+114, -9.24142062191132e+242, 1.68925006557181e+78,  6.8346534856464e+111, -4.2337661655637e-268, -1.25234503770059e+227,  -1.55689606191166e+136, 4406478010439.72, -5.28881608958898e+158,  4.50284993459703e+70, 1.20581137010255e-116, -3.08625156700095e+27,  7.69581477903403e-264, -1.00336670094789e+163, -5.18564780660181e+195,  -1.25104166476049e-197, -2.79596776167867e+150, 4.09808045462461e+91,  8.53998389024243e-177, -4.15938641606824e+297, -3.66199584739557e-21,  7.67660066722463e-07, -4.01367584793362e+242, -87.189535159333,  -2.13706204473371e+204, -4.44307870122108e-286, 5374472235.46272,  3.26512091337718e+152, -4.7888973770076e-29, -2.23172647991171e-270,  2.98645126963191e+183, -1.82102187625859e+254, -1.55370331206595e-211,  5.20915399692909e+280, -22283318869695.6, -2.90281031303248e+50,  4.60976735361687e-168, -1.12188659167121e+36, -2.80226634589709e+95,  8.42441450732115e-28, -3.84117746573613e-92, NaN, -1.15760774278289e+41,  -2.77973179724397e-183, 8.55456009622316e-151, 1.16078924897589e-147,  7.85596959117411e+85, -1.18797900785862e+135, -1.76566453126069e+270,  1.28073353574045e-88, -6.84477822231906e-151, 1.15027573482153e-262,  4.99311433552135e+145, -5.46102025199628e-174, 1.42893225147541e-263,  -3.78459126524337e-16, 0), n = -1616291189L, tmax = -1136736320L,      tmin = -1668970836L, width1 = 1.14595304169722e+82, width2 = 3.70184683976107e-65,      width3 = 1.17164397105542e+77)
result <- do.call(metadynminer3d:::hills3d1p13,testlist)
str(result)