testlist <- list(beta = c(8.18711001407657e+299, 0.00468189194076409, 9.28697320897767e-257,  -4.47313953005781e+269, -1.08462202709686e-247, -1.06960341877259e+114,  -3.47955013064173e-216, -8.9518097672271e+215, 1.38348243341209e-136,  6.24605057871232e+181, -4.11367928127064e+80, NaN, 2.79007508688443e+291,  -2.43672528268817e+290, 1.13722118274863e+165, 1.24928798805976e+186,  -9.06013680652417e-190, 1.2437247084887e-163, 1.07356550066254e-51,  -6.72069897320444e-236, 3.93269171816182e-254, -3.45570679530885e+99,  8.95779391235146e+89, -1.04429299113846e+114, 2.77225047393114e+43,  -2.18557342377325e+139, -2.63807973264429e-55, -1.77673745822268e-44 ), DataM = structure(c(3.04492274881181e+180, 2.77772907286509e-224,  3.208964684295e+202, Inf, 2.27958931117027e+275, 2.5747527252262e-64,  2.80829407329331e-163, 1.26319717568416e+162, 5.40995724298383e-31,  1.32641283928503e-125, Inf, -Inf, 2.04036504393395e-181, 1.10259727283422e-42,  4.26888688716311e-304, 7.05319742850648e-77, 1.23422596622408e-160,  Inf, 7.91017018840024e-106, 2.12103183608655e-41, 1.14315073987937e-235,  2.12967511733001e-193, 2.07941068611378e+200, 4.62301068848956e-198,  3.3641784920025e-78, 7.25998248313071e-237, 7.44531855028714e+222 ), .Dim = c(3L, 9L)), DataM0 = structure(c(3.3062300252042e-211,  3.32074812908401e-294, 8.5229080219038e-300, NA, 1.19607444285061e+154,  -7.41998386258827e-230, 6.00419112388813e-293, 7.19069106678401e+258,  117998678470259, 1.65138968525956e+122, 2.33680557214836e+99,  5.02357428992953e+207, 1.59791342550672e-256, 7.32104516887178e+28,  3.34324391896227e-161, -7.41998386258827e-230, -Inf, NaN), .Dim = c(9L,  2L)), DataM1 = structure(c(2.20591179337665e+195, 1.35170879970028e+115,  1.37078900619799e+48, 4.06219544510324e+123, 3.79916259645024e+143,  4.20176382892534e+162, 1.06303425750518e-294, 5.11064956396117e+273,  6.65922188301626e+177, 2.61906427593104e+20, 5.10092658041557e+166,  435192347729367, 1.76984683338766e-152, 2.87872945673197e+140,  7.38604592301033e-77, 1.04890317586969e-239, 1.0751355804854e-248,  3.41666750641836e+248, 1.42050538191e-295, 6.11182087737199e+185,  50839312816.7054, 5.87058934776384e-202, 1.26704780920524e+95,  5.45392106581701e-154, 8.3564896794104e-72, 8.17727455349078e+30,  1.37276977453768e+104, 2.57160023900651e+181, 1.6733373475403e-12,  2.33198645148093e-141, 4.20261968636881e+64, 1.31649218208095e-288,  4.75288310040198e-173, 7.2765164519369e-87, 1.48987053342105e-190,  1.5070682520826e-161, 1.19624780686979e-05, 2.53940681269447e+218,  8.82967206111986e+277, 4.69528285092364e-94, 3.88055301890848e-302,  2.66676777863183e-182, 2.87751672172759e-120, 5.43792305666985e+280,  9.41720261969655e-98, 34005161.4073781, 6.20030799607577e+149,  5.74822598608421e-280, 2.46586650354103e-244, 7.50394301890201e+33,  2.79969218577243e+266, 2.25203212013416e+72, 2.079733869975e+127,  2.35912558742815e+238, 0.0348762865116351, 3.86873688107215e-187 ), .Dim = 7:8), offset = c(-5.06718877681592e+64, 1.07751940611733e+112,  -2.74914398875516e-261, 7.91495623120632e-129, 0.000471120337814645,  -2.80847082346665e+92, -2.09502403091409e+126, 2.11988179019351e+188,  3.52984480839004e-87, -1.28176963315772e-218, 1.54124797329222e-57,  2.3469335743195e-90, 2.99473432236665e+30, 5.17002417206498e-69,  -4.24523059392614e+260, -3.39502794082915e+214, 3.54007822000193e-44,  1.46712740604082e+135, -7.63077025397327e+136, -2.16227243955678e+99,  7.92137363404693e+79, 1.54265858036061e-117, -1.3976599389913e-291,  1.43694612044328e+137, -6.42903941019567e-90, 4899488.67196872,  -4.12999158076211e+179, 1.74458489950181e+144, -6.90692101354201e+128,  -2.44521436483012e+252, -1.18024804701699e+226, -3.65077949192297e+297,  2.82853238062032e+296, 4.75680503935849e-233, -9.66984441570871e-300,  -6.40456152346208e-292, -6.07916501317268e-288, -3.17447638651991e+236,  8.52933239222884e-34, 1.46296300538327e-28, 3.90934620781352e-254,  -4.32471535043613e+139, -9.86120844726202e-293, -1.28215154797132e+126,  -7.00093470222904e-46, -2.06180862786401e-05, 1.78383959722599e+31,  2.17133370299793e+290, 4.68104542015578e+181, 1.74348248645842e+147,  -1.39221711285585e-130, -7.3418667938168e+123, 2.59019591680473e+117,  3.52253661714154e-202, 9.59219234360803e+149, 1.23043335596054e+131,  9.73224506920787e-124, 1.15163338240592e-237, 1.79628446520157e-97,  1.88149702801921e+194, -5.347250091148e-289, 1.47994117592532e+123,  1.59796836878359e-92, -1.79482109551582e-284, -1.91117059778689e-113,  3.21911595090533e-266, 4.23705024980161e+112, -1.02381519072694e-142,  -5.15057857756205e+228, -7.35554540516758e-27, -3.99176075214819e+108,  -7.5072688898769e+139, -3.20563272269241e-99, -3.68339597673847e+233,  1.47337164964364e-204, -1.91893785951673e-42, -1.67740024324973e-301,  1.40658439009839e-64, 3.83568876344305e+84, 6.99955078112798e+102,  -3.95638323393233e+247, 2.68530297784845e-194, 2.96270947281412e+42,  7.05212186093412e+166, -9.11599241520078e-155, 1.22536262568225e-157 ), phat = c(-3.59323677883725e+211, 1.11541602231568e+58, -1.76695052512478e+261,  7.74220690183453e+217, -6.46844269436053e-265, 7.99288839716608e-186,  -8.87518557267739e-99, -8.18649225903281e-128, 3.30031715366775e-75,  -1.22517226481018e+249, -4.32843994996236e-203, -1.40871086080642e+283,  7.80092808233242e+194, 1.43109426994242e+195, -6.6298651421267e-18,  1.39596385117766e-158, -9.96844865397545e-88, -1.79157470432453e+215,  -2.91380679314306e-248, -2.37336725875135e+234, 2.79316358927865e-101,  -5.51524947776281e-292), qhat = c(Inf, -1.06352854797194e+156,  -6.67167799516828e-36, 5.11893351527997e+61, 1.17239248437367e-251,  2.70549205780131e-277, 4.05655771151008e+236, 1.88314296204169e-286,  2.68848712961956e+261, -Inf, -1.904686330071e-121, -7.6217715070253e-265,  2.26465176108083e-268, Inf, -1.21031207865244e-243, -1.64474962323349e-268,  -5.57840994346076e+206, -7.97153047857928e+31, 2.25879877496936e-222,  3.20569897379346e-168, -3.07249717353601e-125, -1.45154499789743e+100,  4.35263563969527e-224, -8.66670730348326e+120, -2.22469586471952e-253,  -64269956873964.6, -36113844128.9992, 5.47660638464146e-180,  8.57114013100676e-145, 7.47306297426678e+94, -7.34375525192478e+244,  -5.16763059983558e+159, 4.54414458314378e+44, 4.56195369331035e-145,  2.3212020500189e-90, -6.75904241196689e+199, 3.88850359881145e-246,  -9.12619528437278e-194, 3.06594073820131e+24, NaN, -6.18738018734996e-115,  Inf, -6.64443756670727e-66, 2.01725269518487e+278, 3.13449516151293e-301,  0),