testlist <- list(cv1 = c(1.38684683903009e-164, -2.79739282680725e+23, -9.28850713525198e-262,  -1.23933428355641e-161, 1.24622965088002e+227, -2.26672325319549e-67,  -9.17641885434271e-155, 4.45015106159441e+29, NA, 3.59852102428146e-179,  NaN, 1.19623860311492e+139, -1.88653278297938e+105, -1.95362168324611e+282,  9.71577047847187e+162, 3.45884542887486e-171, 3.17351463435631e-135,  -7.22095846814132e-93, -1.63930766789493e-274, -4.21760140641633e-273,  1.37362986478628e+63, -8.73149003839694e+213, 7.3378970160398e+224,  4.92025664295809e-54, Inf, 6.46161260280175e-50, -4.32842077058816e+52,  -1.71703737362819e+45, 5.45927033625038e-51, -4.71503862549711e+253,  1.60051900923094e-217, 6.38968691343771e+150, 1.01230557708088e+180,  1.34052857880155e-178, 9.39074851184955e+241, 41140347508.5397,  -3.25633890848053e-134, -8.63874360174474e-106, -4.67318824733564e+145,  NaN, -4.02618434637806e-196, -1.14952448510867e+131, -2.11610037073124e+142,  -3.43375667549265e-274, 7.39851079145819e-25, 1.64482449927798e+122,  -1.42602011367425e-301, 4.4020126375636e-116, -5.70351187990109e-255,  0), cv2 = c(-6.0799519343318e-114, 7.67406940396556e+279, -Inf,  -8.0604196302236e+58, 1.36391029372585e-289, -8.07483318365261e+22,  -4.96807806616277e-124, 3.77576410999325e-122, 8.79999704731109e-124,  5.26419950075477, 2.4902915715456e+230, 6.67439852656697e-109,  -3.92435359199589e-209, 2.26055090153392e+188, 1.08331134973669e+138,  8.59006290934544e-287, 7.34667690801852e-302, 4.42212441116583e+109,  -Inf, 6.39721734752054e-29, 4.91806684821263e-299, -2.21370561633583e-80,  -1.28339076684793e+304, 3.21720473065577e+81, 3.5087527151402e-118,  1.31899640373598e-229, 1.46152020451873e-17, 7.34598058452012e+149,  -1.127557267895e+30, NA, -3.75027831308075e-305, -4.09033406532534e+259,  -3.55565072300003e-284, 3.21299842153229e+120, 8.87007107995143e-298,  4.75055448761091e+204, 9.09281606230961e-204, 3.56981002621293e+25,  -9.59083464748042e+55, 9.24994996727873e+163, -1.30345079106309e+182,  6.4731659974443e-27, -7.03068608564328e-181, -4.50324615362499e-183,  -2.53496877775209e+290, 4.82325124094039e-138, -1.65879832427294e+196,  -2.44189388456873e+64, -3.95382533643158e+214, -2.90036428583868e-89,  3.29763171531243e-269, -4.87154424800616e+125, -1.66018605482762e+174,  -1.15997406681283e-300, 1.24662147545359e-211, 1.66884770410256e+304,  -5.40098385624271e+134, 1.53608273973827e+117, -3.8094588234337e+71,  -2.59772649342719e+216, NaN, -1.18236890136091e+277, -2.67863557123347e+290,  0), cv3 = c(-1.47633754100779e-228, -1.27529989364274e+109, -1.3853984705812e+199,  -5.18291566077189e-256, -Inf, -3.68054907247755e+249, -5.20736968510448e-105,  -5.52410623542564e+255, -7.87911270482431e+152, -5.43249256800347e-127,  -44617868510884.5, -4.91131798902467e-137, -9.06822694557557e-275,  -1.35932557766876e-191, -1.03969811227084e-268, -1.22893178057435e-282,  -8.78276703960252e-173, -2.94169622131491e+113, 1.50003487099006e+299,  -1.56345952276379e+75, 2.21131216917139e+294, -6.00318258915734e+60,  -6.56896003084566e+68, -1.89692131251602e-166, -1.43126728836239e+193,  2.56301939943174e+169, -Inf, 3.7711379578912e+65, 2.82379605825944e-177,  1.4418038025584e-125, 2580806613307512, -5.32534537829773e-238,  -6.56751553951339e-48, 5.20207619474665e-288, 8.73801249771946e-149,  1.04031465870544e+268, -4.81478835561253e+42, -7.96131319182428e+256,  4.14354064565867e-280, 3.13221889283393e+29, 3.55530663017366e+152,  2.79901410995474e-223, 2.32164887618201e-102, -1.98785175891411e-144,  -2.48393377663459e+173, 9.84986795000355e+165, 5.94275724608327e+47,  -5.56490841862434e+72, 2.57837218383177e-115, 3.58109718520919e-93,  -5.27358582512133e+132, 1.81830610094193e+234, 3.75026382966611e-123,  7.22937646532828e-280, -6.77355787798408e+168, 1.17438556545201e+104,  -7.6790236930491e-70, -3.40406336958988e-308, 2.32869487618135e+124,  -2.52578627726545e+42, -4.77168093419104e+302, 3.05668531314411e+37,  -4.06211944470154e+85, 1.14980876076495e+153, -1.89356394313258e-179,  3.41168707399709e-273, -1.53236500689116e-16, 3.29883576765713e-64,  2.53212348792099e-79, -9.78677062613399e+98, 5.63503451892884e-76,  -5.55120550830355e-144, NaN, 2.39589646016648e-253, -3.2914345986206e-149,  -0.588135360977899, 5.68719880344892e+302, 2.36107208739308e+278,  2.69665475014222e-73, -1.67506258296416e-270, -4.30820919859262e+63,  -6.0799294116531e-47, 7.36341980616124e+173, -4.08223724252495e-144,  NaN, 1.95483735131177e-268, 4.32012019820238e+222, 1.35190918856378e-102,  1.35401567973485e-70, 6.18217276355189e+22, -7.81343463861654e+67,  -4.82211702808487e+131, 2.20507156319479e+272, -3.93780031472856e+279,  1.36050883778178e-185, 6.67307059746665e-242, -2.03855626125115e-175,  -1.36842367048202e+109, 7.86783247129712e+248, 0), heights = c(5.41479932614935e+132,  -1.76838175850304e+62, -6.89276205778536e-242, 1.29770051389038e+133,  -9.75787498486186e-54, 2.9581764264096e+92, 9.02570387690866e-137,  -3.28391281820538e+236, -1.62711982708378e-49, 2.0727835870602e-143,  1.89610923999429e+176, -Inf, -6.39920162468804e-142, -6.22695036580783e+210,  -7.39657576746351e-118, 1.20043402654347e+128, 2.56085225167378e+249,  1.40451416468536e+257, 1.09020008498385e-196, 551661.387326747,  -6.26430397343306e+112, -7.39069998627346, 1.63356652239806e-213,  -4.66576424448244e-114, 8.49282099198109e-109, 1.91540258307963e+304,  2.57520102310067e+115, 2.55628684944068e-195, Inf, 3.71144595187012e+256,  -2.03776751073779e+104, -2.29925849460179e-225, 1.8971934035974e+27,  7.19344482171176e-115, 8.07765207670168e+86, 1.10219959493349e-21,  -5.76005248911902e+252, NA, -7.33599862648809e+224, -5.71224534387375e+84,  -3.77116897681662e-207, NaN, 2.64146063370448e-226, -9.74092643185832e-155,  -5.71032214581272e-146, 4.35145142180159e+172, 1.82278165101079e+165,  0), tmax = -1433832977L, tmin = -1442584484L, width1 = c(-1.48178311675322e-144,  -4.16666154478155e-88, -5.40719880546067e-19, -1.48907649033865e+208,  4.18431602612812e+22, 2.48747989718777e-138, 2298557797070.48,  5.72602825136561e-32, 5.65126954156666e+176, -7.86684778423404e+173,  8.78461081461438e-181, 1.23106304264267e+30, -6.19727689670623e+141,  -1.97991447674415e+66, 4.5136998650392e+288, -6.94063927316421e-08,  4.6642943974783e-226, 2.91907152586811e-153, -1.45184228777283e-164,  6.98880350268256e-282, -7.15109274420028e+239, 6.24229540858988e-197,  1.73835359247578e-204, -5.22357828636707e+278, -4.49705385261948e+212,  1.31967548881892e-95, -1.016031870708e+295, 8.44013944688354e+71,  -2.07534549398755e+126, -5.48626604633945e-177, -1.77608657409905e-211,  8.86726031436098e-64, -6.8727727061385e+89, -1.12660570765434e+71,  5.36083228917058e+37, 3.28425168309003e+235, -1.81594841962965e-185,  NA, 1.7475134849281e-32, -5284628541.69725, 2.94267685848065e-56,  4.03137175710146e-52, -1.32461936797881e+56, 2.24174421358273e-220,  Inf, 1.15320032580528e+140, -2.01143303449165e-129, 1.12750367821098e-106,  1.04774741775732e+255, -5.30950333706473e+193, -2.0365324853133e+222,  7.4330383086719e-15, -2.88710130363148e+246, 2.16562029860189e-69,  -8.85234781543848e-189, -2.63434580477113e+275, -1.11830511682165e-298,  1.91134598527656e+279, 3.50222520540279e+58, -6.68095247670972e+64,  -3.5450443465344e+94, Inf, -2.6287613760119e-31, 1.18510048163454e-281,  Inf, 2.57031104464952e-130, 7.28168034663931e+229, -1.52380624253092e+168,  8.48055585628414e-250, 7.29095894498149e-221, 1.67856350093782e+244,  2.03329959878062e-199, 1.12158041718295e-194, -Inf, 1.66741750520202e+78,  -3.0791646580301e-152, -1.95369382029363e+197, -1.35823046922979e-283,  -8.05036931739692e+108, 8.11702865755426e-164, 6.35513757167688e-156,  1.20350875430756e+67, 6.76077285132853e+187, 0),