testlist <- list(bound = 7.81344866205955e-69, ever_active = c(-1123597538L,  726016656L, 544057734L, 1993297201L, -1561865335L, 1688564678L,  807475931L, -1593438626L, 240221241L, -1751135816L, 208879235L,  1116517605L, 1938321111L, 769760606L, 45562275L, -1102642740L,  -1719794384L, 500164649L, 1109896324L, -1285461722L, -371655146L,  -1180994372L, 1403936529L, -178135666L, -538787844L, -1314445837L,  -825067391L, 870426652L, -1180290445L, 1101475732L, 1435411786L,  -276637234L, 1704512022L, 1072695822L, -1031630859L, 1664553245L,  -582774753L, -356535489L, 1297713725L, -614266048L, -69839046L,  -966702968L, -472351418L, 260989933L, -772600644L, -1296041216L,  411385332L, -397921053L, 512433892L, -328831793L, 1055462990L,  2004433737L, 1833370911L, 100671263L, -2040786066L, -1522052413L,  -747591489L, -703295723L, -22715531L, 513719947L, -440161301L,  -993392054L), gradient = c(-4.59699448598153e-187, 7.83368982998661e-298,  6.1875377052447e-81, 4.53116757120205e+257, 3.72188607644722e-217,  -1.00427267792901e-70, -3.17826183470595e+75, -2.04797515325137e-307,  2.73641307832081e+77, 8.12122538121019e+160, -3.10614401122246e-149,  5.46808498426032e-127, 4.91171449192529e-182, 6.94758015081657e-234,  3.22746501924252e+280, 4.65537625344994e+193, 4.06255178235913e+104,  -1275459345.91252, 3.37680746845131e-142, -5.8756250857988e-69,  6.03220709982538e+294, -3.22754468326856e+248, 9.88569594190458e+139,  -2.4956880902162e+184, -6.36446070601206e-150, -3.09057018194166e-265,  -5.23795971022895e-297, 1.28948334979827e+38, -1.23890557871084e+95,  -1.22283624339187e+23, 2.87472269374773e-226, 8.00176996762324e-187,  -5.49990926304828e-142), kkt_stop = 457008010L, kkt_tol = -1.46895263313654e+71,      linear_func = c(8.52222037375526e-255, -3.63793901562505e+124,      1.26698551129027e+289, -2.21209417801963e+287, -2.94685897421173e+143,      -3.85941897072093e+192, -3.19722805759127e+172, -1.0034474420466e+304,      4.02346764675613e-135, 1.07531427679841e+242, -9.29177057923572e+274,      -1.70270940562957e-87, -1.01234684237682e-219, 3.43630400606225e-270,      510923.287272302, 3.51941825928212e+166, 1.22041141339004e+170,      -1.23725439378061e+278, -4.01622413535557e+183, 1.66633417502333e-279,      -1.66036751626169e+30, -4.76889881443584e-91, -1.86036624963322e+269,      1.63569764505322e+203, -7.94838729553646e+111, -2.98404676523236e-201,      1.31120831873448e-197, -5.57968551902938e+116, 2.34826736750492e+206,      -2.76200330647826e-182, 2.27994906026958e-219, 4.27593177915899e-50,      5.63564597328664e+75, 2.28466531881303e-104, 1.06800955318109e+83,      1.10729817624382e+184, -7.79654169460544e+247, -5.53919239396422e-274,      -3.78768867385653e+108, 6.7188973562931e-14, 2.16039359820327e-138,      -4.0633823081938e-221, 3.208964684295e+202, -1.48407751294087e+128,      -3.73023446080716e-70, 1057.01756798765, 7.70177621447493e+83,      3.50158733187928e-55, 1.77779094682472e-85, -4.99847120821911e-284,      1.18549285049245e-304, -1.35257139781763e-108, 5.13589388201367e-280,      -1.05341479636601e+145, -4.4692982278735e-90, -2.11508664082511e+149,      1.47945321095712e-34, 7.01809347027828e+40, -9.67193453383927e-115,      1.19097488155705e+278, -5.1252430608359e-216, 1.44475687051266e-269,      2.42632830841032e-241, -1.75496233049964e+190, 1.01498536663675e-167,      6.22092900999083e-25, -4.53805521146284e-228, -1.21410920962115e+179,      1.11610835647139e+77, -1.64257756325868e+50, -1.12595128580337e+138,      -9.48055543999339e+109, 7.09552892228359e+210, -1.04373290519353e-177,      -6.36431848857013e-130, -4.81897468620237e-211, -3.77442065486034e+261,      -2.70242878465007e-269, 1.03300946378533e+182), max_active = -1522069717L,      max_iter = 1770819784L, nactive = c(1283876426L, 734641994L,      1736365388L, 1098921733L, 1262636914L, 1594375876L, 315489421L,      99933777L, 2051316646L, 224063604L, -658128870L, 1190600593L,      963576729L, 2000772489L, 240784915L, 1324639432L, 956264005L,      1516157234L, 611929194L, 1902967722L, NA, 1067572045L, -68001463L,      NA, -981441505L, -568438526L, -1751225336L, 174568421L, 1710634916L,      -1760365934L, 72604651L, 418187997L, 1835990091L, -1941025244L,      -323343114L, 585096071L, -703452051L, 605945897L, 1910183049L,      -937531595L, -1939635943L, -1311818339L, -1989569621L, 1231958815L,      -2141221723L, 2106380014L, 1759672112L, 14575244L, 1122477555L,      -1226665665L, 1277488021L, -1826704365L, 2101393658L, -846796747L,      1751082344L, 1053554048L, -1298500760L, 2097457353L, 697523900L,      -1324167378L), objective_stop = -570198397L, objective_tol = 5.43815978243549e+268,      param_stop = 1277907495L, parameter_tol = 1.10204474238712e+166,      Sigma = structure(c(2.01768927817267e+47, 5.91095692082169e+64,      4.713762584588e-48, 1.7506159598139e-260, 4.13272931804741e+261,      7.50347923086546e-71, 1.28334006932209e+144, 2.90402077461892e-286,      3.56215199780015e-230, 1.43677827629537e-133, 7.46114516421967e-258,      5.0141334820982e+184, 1.58738722355198e-68, 29072.6257709098,      1.41003229091807e-86, 1.93643921836204e+180, 1.99326012973524e-62,      1.39815628510302e-16, 3.24863590772713e+70, 6.40667913683102e-255,      4.51598818063688e-206, 1.92056178044097e-182, 1.10965993656322e+192,      4.42315256788049e+80, 1.5466355094383e-118, 5.07881860810875e+283,      1.74132800058487e+63, 1.20446896806287e-16, 1.62053620455224e+203,      1.34759270653531e+170, 1.67897074343642e-132, 2.30932004979445e+295,      1.54458096127227e+60, 3.41101454752662e+171, 3.58419569978947e+261,      1.535318059725e+63), .Dim = c(9L, 4L)), theta = c(-4.42593797887469e+160,      3.21759483180466e+40, 3.48325048456177e-264, 1.12041057083754e-122,      -5.49906372405249e+23, -5.57063900296426e-183, 6.77668219319993e+126,      2.64895456424581e-139, 1.31811147361447e+39, 1.87979699345068e-221,      -6.70939165604135e-151, 5.48689750973174e+38, 1.31455194046167e-288,      7.17786009835887e-77, 3.11404119754965e+159))
result <- do.call(selectiveInference:::solve_QP,testlist)
str(result)