testlist <- list(Aj = structure(c(9.41578138663341e-290, 1.56770832976572e-142,  1.55224558988362e-270, 1.51948358578169e-262, 6.52422101813805e+104,  2.82187483866939e-13, 5.84306544121847e-111, 2.30980258295413e-182,  7.7138684480244e+222, 7.63196218141027e-179, 1.5169999407476e-149,  8.84503376600421e+276, 8.24884434978864e+80, 6.98711896721922e-223,  3.06215421439979e-53, 1.47931183638417e-54, 5.23903260497259e+92,  3.77278919375484e+117, 1.31852720680206e-92, 3.87494901729954e-252,  4.06346240791837e-59, 3.52963133774942e-120, 3.2583626303841e+189,  2.55974175423769e-54, 5.13409978679011e-200, 3.78577134867092e-20,  1.67916440514118e+53, 1.94040154058885e+23, 4.22494255461838e+112,  1.37322168644335e+180, 3.09178888012862e-63, 4.15406653965674e+299,  5.54631615997981e+126, 1.10287023948386e+163, 6.83110214643533e+156,  1.34693537674841e-281, 2.48646550692624e-24, 1.15215786912982e-54,  3.12940686153516e+182, 1.67814989841151e-244, 1.31545419953992e+119,  2.17840625421554e-188, 3.2817955527698e-228, 9.24462841296526e-269,  3.61640802511807e-138, 5.56262456606563e+109, 1.19057123213934e-138,  5.82654064337691e+204, 8.58756681157123e+51, 2.09165528866342e+130,  1.07433804645239e+96, 9.27460001364049e-43, 1.39177659084603e-50,  1.19456164871963e-123, 5.61827089511087e+110, 1.02828862471477e+24,  8.1232206665293e+215, 7.13126394354316e-113, 2.15259518937072e-192,  7.59210260176964e-108, 1.22472620008728e+289, 1.54444331246716e+99,  1.15360506611592e-33, 9.11476566499204e-58, 1.80483739573767e-156,  1.39326849264925e-36, 3.48354762517695e+255, 1.20700687787189e+126,  1.53032245185955e-27, 4.91542968496158e-166, 1.24279905288058e-267,  8.47469211199934e+152, 1.97320653469229e+115, 7.64698378903856e-93,  1.76215164845093e-16, 4.97226305365223e+295, 2.5052630118839e-188,  1.35406190526319e+52, 1.65192878120407e+49, 2.2289329856724e-33,  6.07866588705862e-110, 6.9641909804063e-125, 2.89301997698689e+22,  9.78958800543847e+117, 9.62174506775901e+283, 2.50042891555153e+303,  1.69240313679047e+200, 8.34715733039902e-268, 6.98348600431917e-217,  1.6639332501716e-09, 6.51576676372527e-208, 3.23616378445778e+80,  1.55125952520241e+215, 4.50248588047856, 1.17611175783937e+269,  1.65450211778226e+112, 2.43541603291262e+236, 3.73517734990962e+57,  4.4701153699702e+199, 1.77430475709026e+84), .Dim = c(10L, 10L )), days = c(-6.48737466866726e-106, 5.4545912149048e-152, -1.49013040741336e-270,  1.33233599427472e-306, 2.634957758912e+131, -4.5035041676594e-150,  -5.65161916886205e-264, -1.14239874383002e+36, -8.10242751598688e+208,  -1.11251219905271e-275, 5.63611898962895e+298, 8.98834942688884e+132,  -6.81615275006622e+140, 1.77934977176369e+285, 1.27517491309844e-122,  2.21466338399141e+23, -7.4120283993724e-200, 4.07837916520639e-07,  49162.9299781356, -3.71916909464789e-209, 9.7954493174521e+249 ), M = structure(c(2.58035513749295e-206, -Inf, NaN), .Dim = c(1L,  3L)), searches = structure(c(4.5607661070207e+223, 8.98030822009699e+28,  1.35876843920216e+155, 1.09132490727357e+209, 6.58834917618369e-115,  6.2488173648661e+75, 8.63121488191167e-235, 4.58574254583705e-223,  3.64296293197173e-30, 2.42994570055184e-240, 4.91767899868875e+177,  2.05176635746471e-63, 5.74042675747177e+173, 2.60745015253944e+216,  8.3304723210072e-143, 5.89984634720298e+146, 3.19525798375402e-141,  2.33634971484516e+216, 5.85964673109766e-86, 5.88955736804242e+117,  5.44550204231104e+188, 4686188.24790007, 7.09504547984155e-180,  2.04459792079381e-106), .Dim = c(4L, 6L)))
result <- do.call(GenEst:::calcRateC,testlist)
str(result)