testlist <- list(data = structure(c(1.64896205103068e+288, 6.74190440999768e-159,  1.1862580612637e-182, 2.10248024805145e-80, 1.6762971029895e+56,  1.06217526110658e+261, 1.23489111418846e+172, 5.791144042578e+120,  7.28875941582698e-228, 6.59773681240992e+109, 6.26856260221557e+227,  1.02248418297418e+205, 1.53148080192694e-62, 8.94595071115495e+254,  9.35114171593789e+182, 5.5748876071456e-15), .Dim = c(4L, 4L)),      max_iter = 896353377L, mu = c(-2.48752130140269e-259, 1.00796800369766e-75,      -7.08227933871862e-47, 1.38980994742404e-99, 2.00897339517604e+213,      -1.96903138614432e-222, NA, 7.99633791698077e+184, -3.55031609456773e+49,      1.10382839113978e-197, 5.81690835282097e-307, -2.40666280889236e-200,      -1.59582120773241e-125, 1.25712023018728e+259, Inf, 8.99498789702384e+44,      2.87877044584834e+290, 1.56629765853798e+36, -2.43459339013111e+176,      3.01499101467396e-148, 1.48693500204265e+218, 6.8535502435244e-260,      -1.57033917193021e-236, -1.01278966761782e+156, 2.53417159066175e+89,      7.2131286353452e-220, -1.16661362320986e+72, 2.82140026688899e-222,      -5.44936507467419e-185, Inf, 1.27632228465448e+124, 3.95908934011223e+150,      -2.3834128701679e-275, 6.54376257560546e-32, -6.89505877894821e+249,      1.08214759669773e+284, 2.84257900413411e+39, -9.93954768740954e+294,      -2.3424740832121e-144, 3.76370149432225e-176, -1.2119540159247e-149,      NA, 1.54180538630959e-97, -1994407684.82802, 1.57828950273749e-40,      2.24430662822736e-160, 1.576772074621e-185, -9.12765743616844e-285,      9.32855758524889e-160, 1.43001790692857e-199, 4267648667550.95,      2.94810591228853e+211, 3.41568315016164e-174, -4.66174478363836e-238,      1.35912926817036e-281, 4.14208554788184e+142, -1.10839629266385e+151,      3.86711631162996e+253, 2.22176097949951e-99, -4.8153208266295e-273,      -254036.523787606, -1.48930585596677e+109, 8.50647073417034e+155,      -4.97207406134457e+226, -1.96099824970869e-112, -1.24408879301888e+126,      -1.43033307476462e-173, -2.45760712280282e-201, -4.036779000256e+81,      3.52559447951316e-60, -2.04626262755257e+47, -1.12334066719557e-47,      -1.31415376836708e+225, -5.02752311991378e+221, 8.84409742928926e-162,      -2.56369912445087e+141, 1.23825009124848e+71, 9.59928648493896e+240,      -2.11853732789969e-271, 8.7378434994967e-255, -1.68698253706782e-240,      5.95725474217158e-155, -5.05397979177749e+303, 1.25903049164889e+209,      -2.04695216260051e-299, -2.57291150827669e-106, 0), pi = c(3.39823926750359e+277,      -3.33397577001365e-183, -7.87705758255759e-215, 5.41296857582823e-264,      -7.2024707355799e+123, -Inf, 2.12100667747497e-08, 195992655.045711,      -8.92374953326343e-66, -3.06137062448562e-83, 15.3923335208204,      -2.58863693351375e+32, 1.2910310878e-179, 5.98813732444701e-59,      191732386886.579, 2.57342916780065e-212, NA, 1.33783235381503e-138,      3.07442172255014e+137, -1.10456576487717e+156, 6.14622329671218e-150,      -3.01167711413451e+280, NaN, 3788535434566505, -2.61721224403333e+24,      -5.14347197725849e+29, -1.65909789427169e+55, 3.08097909946313e+91,      -1.11366552038121e+185, 4.19287193423183e+202, -5.56306282403758e-250,      1.57231093114368e+145, -1.87298442426653e+231, -6.87377666284833e-304,      7.62666760029894e-90, 1.9037420576824e-23, -3.13921792633094e+220,      -0.199189577953577, 2.75010248937944e-205, -2.95787242344428e-64,      1.06592866705753e+259, -1.86755891526067e-97, 2.41768080733317e+29,      1.23908038588789e+231, -2.53505246773421e-148, -203420626784945312,      -2.63696355926728e-68, -2.48790466032064e+59, -2.86883244696329e-239,      -6.11971923024476e+49, 1.86394768930743e+236, -5.51957931478393e+202,      -Inf, -1.68553919624997e-06, 4.20858541320543e+257, Inf,      -5.61171176161378e-244, -2.81016604021312e+275, 9.16317462198337e-163,      3.05165689408505e-248, -3.02105884644878e+209, -2.25763187793891e-272,      -2.11711072098248e+250, -8.28522637668481e-283, -1.18901559712691e-203,      1.77078133924673e-152, 2.28830715548995e-212, 9.9668735770795e-232,      -5.63751291542059e+228, 1.74664883016005e+200, -7.20361199351537e-46,      -1.78637498705844e+81, 7.83853156729706e+118, -60.482113567857,      -8.11796705614933e+195, 8.25381852311613e+179, -1.06248227928195e-91,      -5.86638125775468e-89, 1.82381881604119e+206, 7.51791035983668e-221,      0), sd = c(NA, -1.86286674568031e-279, 2.5862803338616e-05,      -1.05951893427697e-69, -3.18287023060968e-296, NA, 3.45170990337263e+99,      1.29233008114104e+251, 5.001592069485e+303, Inf, -3887.20186436647,      -6.8028854171133e+34, 1.18482225924831e-275, NaN, -6.88771995952453e-308,      7.98822439413355e+143, -9.53013936119227e+72, -1.30611201469825e+170,      -6.08322482357404e+277, 8.21850559710251e+89, 2.18793607391264e-154,      -1.84769969707745e-66, -8.90077055736913e+25, NA, 2.64268489562175e-193,      -14905535247.4503, 2.3169827746318e+280, -1.69957988428899e-82,      -7.22989533343098e-90, 1.25668453530043e-292, 0), tol = 3.33656013286799e-271)
result <- do.call(mixR:::norm_ev_g,testlist)
str(result)