testlist <- list(cv1 = c(-1.56143912883252e+280, -2.43348451838189e+266,  4.52212554012066e-243, 5.71477001550371e+268, -3.07655090350247e-130,  1.19049160836291e-99, -3.55730263715577e-180, 4.30589925254895e-182,  2.17418901144256e-188, 1.11672791656691e+216, -1.53666663562922e-24,  NaN, -1.62776645601402e+203, NA, -6.70178728538115e-232, -2.3078036345483e-226,  -3.30896134425291e-300, -8.90542237805251e-173, 2.29750594674028e+45,  6.58089631835738e-159, -3.16769083900297e+61, -1.19120177163597e+88,  1.45956322840302e-281, -2.35350618090921e-111, -3.02980670659334e-142,  NaN, -1.32799705823064e+228, -2.36228917421539e+73, -5.41948397126946e+163,  1.41591963980048e-165, -8.21533280122676e+114, -2.45725905201691e+264,  -7.75314201109526e+192, 6.33038562065879e-53, -9.12592819304263e-52,  -1.7533473094881e-40, 8.88670115040893e+290, 1.13198618945093e-61,  -Inf, 0), cv2 = c(-2.55445467110842e+266, 3.77158102621934e-260,  -1.175002072063e+279, -2.70396553282147e+272, 1.6012410380674e+304,  -2.79106732985996e-114, 3.75365575956089e-159, 2.39910227697489e+206,  5.0831481957451e-252, -5.23885020361064e-278, -5.47745561034703e+63,  1.05004943430131e-23, -1.06012397665394e-26, Inf, NaN, 9.45814923732696e-303,  1.93640682068298e+172, -1.54617812206613e-172, 2.36874699899878e+237,  -9.54979302150134e-206, -2.4476161999609e+119, -1.20322744549987e-106,  9.93130123077446e+173, -3.71953813460666e-272, -4.75390144910128e+61,  2.7971407714469e+283, -2.19759672211132e-11, -5.16747298318236e-201,  -1.38648849715655e-199, 7.07720625542609e+200, -1.26984909142327e-238,  6.2455459913887e-260, 6.05857867123965e-76, -6.56385138016654e-147,  -2.14811511675666e-57, 5.1146336109119e-54, -2.52352436490265e-164,  7.97955894627756e-302, 1.78317883897711e-240, -7.75476352219656e-69,  17239981.2172189, 241362.505392497, -Inf, 1.52009476040305e+119,  NaN, -1.54429472896343e+196, 1.37048575864855e+281, -8.72033802280854e-119,  8.54669584199216e-274, 8.62096210726509e-91, -4.11908589104096e-38,  0), cv3 = c(2.50592672429001e-74, 1.45605141634453e+41, -1.62868877657791e+161,  7.35598653292555e+124, 4.5409910005944e-266, 1.11021350759161e-69,  1.9860222956638e-78, 7.44636108934373e+139, 1.76945959093624e-66,  -2.23250292821867e-116, 2.083042852876e-142, 6.67934430962257e+293,  8.7289899489519e-35, 1.04191136088722e+141, -2.49524542896005e-193,  -3.38903640262614e+212, 335155.214446233, -2.51681868285245e-271,  -2.31406366833786e-239, -1.86444033144527e-32, NA, -1.31899537420037e-163,  -3.18543058687418e-24, 3.18853837968746e+172, Inf, -1.31777198545859e+186,  1.670598330169e-114, 1.6118517207828e+190, -1.99535208189583e+202,  1.78963719189281e+231, 1.49241977741677e+238, -4.91782106852351e+39,  -2.28505188699075e-100, -1.51099026183747e+295, 9.24033854346427e+145,  2.78178571273017e-152, -4.04018997678051e-77, 8.45216975029137e+242,  3.12144292983236e+134, 8.19972182842736e-285, -8.95520017659699e+246,  4.54354200462387e+39, NA, 4.81126564475428e+192, 8.6887912991269e-153,  -1.45011240955637e-70, 3.90498630019873e+257, 9.24029518031663e+306,  7.82143704124626e+306, -1.01247666635101e+227, 2.85278879184383e-161,  -3.11656466746642e+273, NaN, -4.9011006804119e+159, 0), heights = c(6.22772402517046e+53,  2.8432440282267e+198, Inf, -2.1977667443467e+195, -8.96628993686508e-72,  -6.05211620466827e-303, -7.55861745190644e-22, -3.06196521426081e-127,  5.26954116609206e-210, -2.4922214222289e+87, -2.39190722479391e-248,  -1.59379943357359e-16, -3.47486118084765e-264, -1.98719275873119e-90,  -2.11695722531467e-22, -Inf, -8.03988768623771e+115, 7.37357964495411e-221,  1.86750553885488e-33, -3.37284991777418e+95, -7.63491805323697e-194,  -5.02959142301609e-117, 26747489313485811712, 1.47191634214623e-158,  1.85612016188245e-118, 4.19741418210704e-243, -9.81781534517112e+244,  2.61882222488111e+302, 2.8366077959492e-68, -6.23700503041774e-46,  -1.11830786657247e-101, -1.71180191780534e-206, -6.23880252949312e+291,  7.5193649929655e-267, -4.97376343587815e+217, 8.52646633863419e-75,  8.36593747900586e+235, -7.13370647724556e+65, -1.52429955437011e+284,  -4.30375260532629e+170, 1.28871250111009e-113, 2.22118228803508e-268,  Inf, 3.33628327662946e+216, -1.0088978724934e-211, 2.24160645032886e-63,  -3.24386060729491e-294, -4.48651969244848e+143, 3.42818943693832e-173,  -4.29783125561929e+203, -2.29894160292137e+151, -Inf, -1.11118176042811e+210,  0), n = -2017039947L, tmax = 783583267L, tmin = 1546779600L,      width1 = -Inf, width2 = c(-4.76655419332042e+99, 6.21242665847732e-14,      NA, -Inf, -1.94539957954795e+38, 8.1188449597459e-198, -3.61049857596063e-87,      -0.00362719692420082, -5.47306471768356e-141, 1.92400831884225e-156,      3.54823577917633e-57, -8.48931770510548e+160, -5.19988827312144e-81,      -6.90525800832257e+189, NA, -1.73006640678212e+300, Inf,      7.53000794286459e-75, -3.36318744602107e+56, 5.01568862216679e+48,      1.49645249267539e-177, 0), width3 = c(-9.82369705793334e+29,      Inf, 0))
result <- do.call(metadynminer3d:::hills3d2p123,testlist)
str(result)