testlist <- list(cpts = c(1415284511L, -1686130476L, -838568176L, -1752074378L,  195842499L, 869078600L, -766381971L, -778026715L, -70695462L,  206538970L, 1392569067L, -1855888996L, 246636609L, -2139715246L,  -948322408L, 419544596L, -905711658L, 1383575718L, 2006618376L,  -67984119L, -1526379994L, 2077521986L, 1295571815L, 966359811L,  -1670718994L, -494300071L, 589652510L, 403122365L, 208855943L,  1180486036L, -1801126963L, 1031196889L, -508966717L, 844897365L,  -2105642086L, -2053417071L, 238753876L, -1686130476L, -2031879996L,  1523096891L, 1902509731L, -1038419900L, -1720984034L, 120958997L,  1892182279L, -1437453775L, 892007823L, -225260957L, -121108806L,  -469827972L, 1792842353L, 290096770L, 334465469L, 1102900855L,  -421329191L, 1993423982L, -1723651972L, 1093073067L, 43195411L,  -576547344L, -1843417389L, -610514239L, -2142135562L, 584541371L,  445397083L, -1305475148L, -1021065311L, -966946472L, 2084514647L,  -596240292L, -944549143L, -1967741788L, 1121779700L), x = c(-2.22672823053879e+48,  -5.66898710413581e-78, -1.46588114085158e-120, 6.05454830539679e-307,  4.08166983747037e+20, 6.89426230893988e+176, -2.72264528885304e+73,  -3.42433508911228e+69, 5.5138144323673e-70, -3.10409387791928e-305,  -812290546.058326, -1.94998129514546e+28, -1.62088830813172e+144,  4.08182175457079e-223, -Inf, 1.9498020256068e-247, 7.44887372462544e+222,  -1.24753798294217e-161, 6.83770752317655e+174, -1.81251071728227e+189,  6.99144855397989e-65, -2.5907714868536e+302, NaN, -2.34208125455691e-74,  3.2891397818248e-97, 2.87959493917022e+277, -9.1332118784002e+213,  -8.7455235540411e-128, -1.92318939269338e-64, -1.97541240155663e+212,  -5.44850335429846e-26, -5.27828328790527e+136, -2.99494285918471e-33,  -3.24018597768155e-10, 2.98407550603513e+305, -3.99347422792127e-77,  -3.73225282539961e-136, 1.77833007437892e-35, -4.49129004257353e+269,  -22191913992643051520, 1.00770659122085e+24, 1.32268108643788e+98,  -1.87082768440641e-291, -8.28203624094532e-53, 2.99853144206684e+181,  Inf, 8.98038139991519e-16, 6.95913691414081e-89, 1.20759299672267e-290,  -2.95834405004457e+259, -5.5568294064218e-288, 3.37926777985948e+68,  NA, 3.47191059698216e+99, -7.55666576744955e-184, 4.48060273287458e-181,  2.01178892327521e-101, -1.1266582867402e+80, 3.62472446438456e-59,  -8.14587484584352e-227, 8.24767405708076e+80, 1.53300196851072e-42,  1.92708670280215e-227, 8.24001139279649e-134, 2.76687264823813e+127,  1.42823366684715e-240, 2.82176897501516e+150, 4.63099447211012e+82,  8.33421720342092e-45, 3.03884133196467e-136, -3.46615766106542e+226,  -1.57177248936085e+308, -5.5970415863783e+97, 3.5476512538066e+248,  -1.56533326276386e-34, -1.75043846388028e-238, -2.98030742055021e+22,  3.4635534577729e+78, 3.1707352806635e+152, -1.62598715559695e-56,  -4.01626604579497e+162, -2.18595688192292e-98, 3.39256881376074e-78,  -2.57983819628073e+91, 3.20407929737703e-261, 0))
result <- do.call(mosum:::bootstrapped_timeSeries,testlist)
str(result)