testlist <- list(a_ = c(-1.65699145937973e-204, 3.2363827009968e+193, -1.92049022479706e+63,  -1.87027525767939e+59, 6.58731732715928e+221, -1.56232039993271e+245,  -1.87027525767939e+59, 3.81469370175983e-242, 6.48996844487956e-122,  -3.60259112436577e+106, -1.59925206300013e-07, -9.70551313317559e+62,  -4.63646860467558e-290, 2.37519191056589e-40, 9.04290675451679e+141,  -1.43649782227182e-251, 1.97095748226444e+136, 6.00570683244714e-36,  -8.37855270481279e+70, 1.21248796411423e-175, -8.34448924734626e-256,  -3.8834739462272e-286, -2.47477737858612e-218, 2.01512688487044e-280,  -8.64390335388904e-113, -1.00874871326553e-219, 2.96986743777069e-64,  -5.53481248739343e+44, 6.08472483641334e+28, 2.43316808880065e-116,  -2.66257528632832e-174, -1.87027525767939e+59, -1.87027525767939e+59 ), b_ = c(-8.10571831326267e-137, 1.66273421467879e-237, 7.46738180956992e+171,  NaN, 1.09926651935221e+73, -2.09824032324442e-116, -5.05982846819423e+280,  1.55208492832049e+303, 2962068940098418, NA, 5.82655723066122e+219,  -32998.9181188385, -3.53718005601596e+286, 6.37309559668764e+237,  1.24192848968273e+31, -8.45759483566727e+216, -8.08400807019723e+116,  -8.74810928233294e+101, 3.0801536923356e-217, -1.28750388002119e-277,  9.30117562916615e-155, 1.02858458124424e-23, -4.42670601563143e+225,  4.92643574001404e-134, -4.42695730452539e+229, 0.0680428422659952,  1.65168151775174e-176, 2.17848126495062e-18, -1.38952291705096e-260,  5.43070052477753e-269, -4.77108459304143e-39, -1.80914217387218e+303,  -6.97558201944623e-59, -4.08247161042162e+144, 1.10047967586659e+105,  8.52150919861179e+64, -8.93507665468146e-19, -2.54380989647475e+201,  -5.27803680617311e-49, 4.06158546431523e+78, -4.37210234393253e-62,  -5.22431236386555e-224, 3.38753186880186e+273, 7.84521845601991e+149,  NaN, 3.56472903920556e+139, 7.76163464864499e-260, -5.11014430089686e+56,  1.672482965604e+218, 1.4346161083187e-282, -4.99213144446857e+100,  8.32420827841964e-119, -1.96168705984644e+262, -5.28520707289621e-284,  1.03606217976362e-289, 4.50796660706624e+146, -1.79626568227641e-238,  4.3719612049874e-09, 5.9914793886017e+227, -3.42294770113431e-72,  -2.15887033281157e-146, -7.17796578957118e-53, 2.33422516064103e-144,  NA, -224720132.548166, 6.20528012014328e+298, 3.1785256821159e-260,  4.83197521142858e-266, -4.1553001034487e+131, -4.19110067889824e+27,  1.62421098474504e-96, -1.54756531693209e-298, -2.20455208338369e-181,  -1.29416147292408e-190, 317923071632413184, 3.82844388935998e+159,  1.53476288893261e+304, -9.76551214153794e-183, 4.12565564696062e-274,  -7.35222012358746e-289, 7.039655584654e+142, 0), x_ = c(-7.43555932267507e-237,  -1.57963845497689e+124, 1.81929232079378e-260, -6.7389225689563e-165,  6.01537439106143e-203, 3.6909001014824e+229, -6.56947944052327e-18,  5.01916563218252e-104, -4093275844.42001, 0.000582803427282111,  -2.36499045620762e-175, 8.52017135920013e-184, NaN, NaN, -7.02134698129411e-252,  -1.16258256783486e-145, 1.76919491133955e-186, 3.19327963794225e-304,  5.00736704917136e-213, -3.72766064909591e-122, -1.70392841358918e+266,  -9.78882602708186e+152, 4.75855495129412e-210, 3.48636607542594e+186,  -7.32812194058933e-192, 4.67585269159536e+163, 5.31919216734339e+66,  1.33300562435835e-270, 5.28913533986907e+294, 230175396.764477,  1.17155804469727, 3.34841206115896e+82, -2.58031435036791e-281,  NaN, -5.74701413909314e+76, 7.65162822246144e+97, 1.65168190313514e+259,  -2.73924146409579e+261, 2.159941295722e+158, NA, -1.03042463976669e+35,  -6.65582831815283e+276, -2.01483027532348e-259, -5.39685152510849e+23,  1.42950314096433e-58, -1.12330777210663e+91, 6.83544977563023e-270,  6.50318017954894e+25, 0))
result <- do.call(ffstream:::computeOneSidedPvalueRcpp,testlist)
str(result)