testlist <- list(bound = c(1.98490235020641e-257, 8.28971418702364e+166,  9.66783183468368e-50, 1.21833241082014e+303, 2.46993452537807e+76,  -1.0160046651705e-235, -8.95917945975771e-135, Inf, 2.12439140436259e-244,  2.7087550859215e-266, 4.30626744607068e-136, -1.02422924764792e+174,  3.5871647055511e-115, -4.07202669362491e+259, 7.96034529606837e+55,  -1.52029575642479e+179, 2.11422598973339e-279, -3.33059179031837e+212,  -1.33409174187634e+176, 1.28591596418051e-74, -1.906033682933e+273,  -1.10316221979205e-225, -1.89330920809966e+185, 3.35532147368812e-161,  -6.48053033324502e-229, 2.78353556605942e-180, 1.5660502088191e-82,  -9.35042269640403e-273, -8.20918866662634e-196, 8.08085397924225e-255,  1.11188572779741e+119, 1.12491136815598e+250, -3.45329097920505e+258,  3.96709457654472e+161, 1.27908697326124e-52, 4.78605232762292e+109,  -1.44507438733095e+77, 2.29013520567251e-47, 5.04400974620143e+140,  NA, -2.46067123116145e+197, 2.10880877114811e-35, -2.65480281800843e+246,  4.46512942305604e+151, 1.46517148118916e+258, -Inf, 4.41472864579235e-172,  -3.18572261538908e-239, -1.36637676658912e+130, 5.15706875371265e-165,  8.70570634845722e+101, 1.494394240137e-138, 2.65976677403056e-25,  -1.70861577507925e+300, -3.61831920580663e+111, -6.85014159786188e+251,  -9.53484611393976e+225, 1.84033459146182e+34, 4.17795991348531e+181,  -3.84155006789089e-213, 5.2719705720911e+211, 1.26526148601746e+268,  1.93700057442335e+164, -8.62442764343466e-06, -1.73523559813364e-184,  NA, Inf, 2.54335813162893e+296, 2.55988580003963e+114, 503309409708462,  2.80853367569739e+296, 9.22551418738672e+111, -8.36617069307534e-256,  1.74222401161979e-221, -4.54461270494257e+70, 1.68081155202381e+152,  -2.44249173646253e+91, 1.4663202466888e+227, 7.02531124111404e-171,  6.23775212696001e+283, 8.49240168878597e-262, 1.00333904237875e-74,  3.05221015424709e-17, 3.80089249064488e+274, 2.58248307686191e+141,  -8.31035147436276e-170, 2.6068234597061e-175, 9.97498045655483e+170,  3.12989848911561e+203, -2.10733316271681e+238, 1.35989412423915e-18,  -8.96180042509102e-170, -6.56877006726177e-40, 3.51078425115816e+255,  -2.1534200687437e+248, 0), ever_active = c(802161885L, -1055794919L,  531554353L, -1972664107L, -1302827038L, -594388709L, -641967929L,  277153856L, 1061643068L, 519450685L, -1542427090L, 2079720238L,  1332875307L, 74008285L, 647930934L, 615347833L, -1164734248L,  -1967122898L, -796631733L, 2069920202L, -745867817L, -214190823L,  -631680770L, 113670080L, 1510447588L, -944827753L, 862970798L,  -799246173L, -429032742L, -1456475261L, -1992064625L, 184045668L,  15288519L, -1738907701L, -901612902L, -1628291707L, 1622630153L,  -414020496L, -1777467488L, 89064453L), gradient = c(-4.79179973593805e+94,  -2.01832866513943e-152, 1.0998332330175e+170, 1.70608367167765e-283,  -1.5364954766916e-49, -1.2777370772529e+233, 1.47513872601536e+225,  -7.70547222174172e-186, 4.31937590695306e+44, -3.05036832062568e-68,  88775575292.5585, -1.4667604460911e-121, -Inf, -5.85456584195652e+131,  -7.83899978501497e-36, -7.83106778346988e-286, -1.76009762753531e+200,  2.64843438069405e+90, -34459278029654.1, -0.446687304275524,  2.16442014728664e-262, NaN, -3.07576115455347e-49, -1.59759757025715e+23,  3.28360228405679e-281, 6.25699227270679e-183, -Inf, 3.52238076261922e+288,  -1.00787819041553e-224, -2.00761917074328e+172, NaN, 2.63794429743078e+74,  -3.23264334093384e+62, 2608914313291394560, -7.67695644742142e+186,  7.5984819528356e-74, -3.27740689651986e+110, 4.66203288126125e+181,  -8.41547000993116e-53, -2.84800742147084e+87, 1.89658857382038e-203,  Inf, 1.18824223839425e-272, -2.25913678987833e+205, 2.38002971424914e+100,  2.6987987248233e-69, Inf, -2.36293126965176e+65, -5.92225024242248e-309,  1.34142785969278e+39, -9.25226565658269e-302, 1.59985820498586e-68,  3.77480742578495e-175, -8.04000459551835e+194, 8.44802877841776e+298,  -6.56706083122596e-25, 1.30784139134738e+171, -8.35126572799299e-303,  1.98573778629836e-275, -6.82597409378113e-181, 4.50403538902426e+113,  0), kkt_stop = -987745777L, kkt_tol = -8.74324710776317e+191,      linear_func = c(7.19999296703303e+180, 4.85151323270548e-284,      -7.66397886037251e+71, -2.6187894528261e+117, -2.60888814227924e+35,      -1.08973927760065e-134, 9.41715899466892e-181, -3.04885227951449e+207,      7.64876463429461e+249, 2.83602878888788e-297), max_active = 1584775059L,      max_iter = 1621939116L, nactive = c(-1518529059L, -907891089L,      239788156L, 1625983336L, 840618289L, 188880718L, 1080895306L,      -1029678489L, 493897190L, 1391678817L, 1026940317L, 543556946L,      -2116648052L, 429578841L, 117547977L, -1577176642L, 1853269184L,      1777934758L, 805258063L, 1699258854L, 522482232L, -1102278203L,      1295290094L, 851422368L, 894460318L), objective_stop = -1552512988L,      objective_tol = 1.11355751179064e+54, param_stop = -28308530L,      parameter_tol = 1.4346119312397e-155, ridge_term = 4.0034806650571e-11,      theta = c(5.4545912149048e-152, -1.49013040741336e-270, 1.33233599427472e-306,      2.634957758912e+131, -4.5035041676594e-150, -5.65161916886205e-264,      -1.14239874383002e+36, -8.10242751598688e+208, -1.11251219905271e-275,      5.63611898962895e+298, 8.98834942688884e+132, -6.81615275006622e+140,      1.77934977176369e+285, 1.27517491309844e-122, 2.21466338399141e+23,      -7.4120283993724e-200, 4.07837916520639e-07, 49162.9299781356,      -3.71916909464789e-209, 9.7954493174521e+249, 1.32364259065054e-46,      1.94760736624855e+93, -4.45843171260709e+272, 4.34810076714272e+52,      1.26004873944341e+76, 7.16631376181137e+32, 1.26317915276536e+169,      6.76244126652507e+200, -2.69306363947724e-207, -2.4816834378776e-52,      -3.64335040749596e+108, 3.37575625489579e-242, -921726004805.84,      3.67146004111885e+231, -3.26709624179781e-80, 4.1381402965908e+78     ), X_theta = c(-8.47013629522436e-273, 1.35899114624134e-95,      -3.58575803097596e-297, -2.39080431366519e-182, -3.60056079316802e+138,      Inf, -3.00776196467857e-286, -1.18283782088386e-40, 1.07826902068247e-151,      -4.11585766480278e-223, -1.6149097811216e-176, 2.7075408533892e+226,      -4.22283927936408e-160, -4.29610796168863e+292, 2.4151116327419e+141,      2.39220599159882e-260, -2.63020150140373e+209, -3.13730904416864e-201,      -3.56564348450357e-23, -5.95431733840268e+32, 1.21459143176389e-211,      3.44656156435283e+89, -Inf, 1.41400711513125e+181, -1.15730737968223e+226,      -20.3862592496968, 5.36097018690311e+59, -4.47184125688752e+135,      -1.21534743539163e+235, 6.09660497878401e-114, -7.01169941139523e+75,      1.48335630653042e-203, -3.46157324947778e+196, 1.23690498829841e-258,      -8.06989810815167e+194, 4.78011229129845e-206, 3.28274198825578e-211,      1.99630063667465e+264, 9.97330802218182e-55, NaN, -1.39489603339227e-121,      -1.18753905259184e-182, 6.54618640423988e-275, 1.70465133969076e-195,      6.07424756875216e-11, -4.56215772013416e+213, -3.88825674863904e-241,      8.04727957220413e+276, -5.59148515618518e+91, 1.65574002052348e+116,      -5.4194785843156e-49, -3.58798508703728e+166, 6.99940863271688e+31,      2.53326736916585e+168, -6.06122773317134e+108, -2.11104107021845e+41,      2.13290128157176e+26, -4.84938111604225e-225, -1.19307010097495e+132,      2.59936748545634e-124, -1.05200323781568e+237, -4.94341146151225e-148,      3.11640531039122e-217, -2.51762043319986e-200, -3.71514499962965e+228,      -1.21028264037918e+279, 28395638.5061109, 1.37795694561054e+292,      -Inf, -2.88908508493329e+73, -8.94605232447141e+188, -4.36051804985681e-48,      -2.28798960300202e+262, -1.95601972302529e-178, -3.20795311369568e-68,      -8.07916151891688e+115, NA), X = structure(c(2.58035513749295e-206,      -Inf, NaN), .Dim = c(1L, 3L)))
result <- do.call(selectiveInference:::solve_QP_wide,testlist)
str(result)