testlist <- list(max_iter = 2111088651L, mu = c(-5.79084503061635e-65, 5.150924815532e+60,  1.68714125848572e+189, -6.29620881302427e+180, -7.35902947629096e+129,  4.69751116818954e-248, -3.68189435255995e+305, 9.56830361006115e-294,  -4.94291211774688e-269, -1.6035505881332e-96, -4.60709844396789e-219,  -2.77720221964371e-24, 1.22376625804929e-192, -4.03428815998527e-80,  -1.48832172441499e-300, -1.78022210508106e+189, -4.91654349549594e-52,  1.38515347362419e-17, NA, NaN, 3.22320051966331e-123, -8.59948834440682e+265,  3.8785313728843e-300, 2.14381913081754e+40, -1.80993069774678e-272,  -2.46915452531477e+60, 2.3508114194702e+104, -1.64013575675514e-231,  367595.39054907, 3.09350351085502e-85, -5.90940877620688e-75,  5.65410996440359e+179, 6.62023872890049e+257, 2.22582197920286e+33,  -1.48148621286278e+68, 1.82610347011844e+279, -Inf, -3.11663748817727e+34,  3.80465019602071e-181, -5.91154591786629e-120, NA, -2.82522564753729e-200,  -1.23411068795161e-60, 3.77883960432356e-260, -1.76023522670906e-44,  2.23763760361209e-55, 10752266498977088, -2.18154686113201e-39,  1.51767054657259e+213, 2.539953212984e-50, -1.20820504332501e-247,  2.98934224728807e-151, -1.59480287907639e+286, -4.87094947439658e-163,  -3.2237210541537e-09, 1.86982346606424e+247, 3.15996790510567e-144,  -2.40553190827607e+168, -9.06286927967357e-125, -1.20002649053143e-257,  3.95749877476639e-64, -4.05377473445056e-25, 5.09076900705849e+60,  5.25445471967632e+101, -6.01063245389008e+288, 3.39530841327066e-305,  2.09282528398544e+258, 7.57867456362106e-268, -6.399475333591e+112,  3.72229130895064e+162, -0.000107645968376047, -2.92074273719998e+165,  -9.20132348583616e-199, -4.5452362659905e-157, -7.01381733798334e-240,  6.86923508776157e+98, 0.000984268009442408, 1.18643700411769e-204,  -7.7562448752158e-40, -1.08247122423834e+101, 6.91200800404851e-169,  2.76497969549708e-202, -7.99625295973836e-133, -3.70524658142112e+300,  4.33097046279007e-35, 3.03466678159784e-191, -1.28286875517604e-95,  Inf, 7.81641636312722e+194, -6.23462791228425e+216, 4.44513188514018e+223,  1.38774000782525e+283, 1.35522883351368e-250, 0), pi = c(-4.78826013893685e+122,  4.09755881633474e-16, 1.4377307903089e-89, -7.27583536057407e-186,  -1.60812536600194e-54, 7.67551184705222e+208, -1.81943184990777e-104,  -5.25884397574205e-216, -Inf, -6.11752523562439e-30, 1.60411562931829e+125,  -7.87298754023671e-62, 1.89966870629932e-21, 2.57221860993284e+153,  5.59705728495788e-57, -5.25884397574205e-216, 7.72426981511179e+145,  97675439355804.4, 9.00259758450168e-149, -1.01574817869351e+271,  1.64012198333913e-119, -8.75976576369228e+114, 2.75768546873436e-279,  -7.07046562560869, 3.38222809616064e+100, -Inf, -Inf, -2.20052799106472e+302,  -4.40347115744356e+198, 4.01147776304499e+118, -4.98496746608903e+296,  1.06144799997254e-188, -1.15869638371488e+165, 0), sd = c(1.03042880584614e-132,  -2.00368883734373e+242, -1.23128689477852e+162, 2.64671458128513e+280,  3.19801308551173e+218, -3.36252012700871e+239, -3.43437101660532e-64,  Inf, NA, NA, 5.60021564121777e+198, -3.44790869008612e-164, 9.98473131241019e+45,  5.81805917826677e+307, -5.36796356129391e+248, 1.2543205578665e+103,  -3.51097836636424e+135, Inf, -0.0798904155094577, 1.36310837243016e-75 ), tol = -6.95504652118757e+32, x = c(-6.44196922247994e+47,  -Inf, 2.35187962609512e-188, -5.57845507516458e-219, -6.05798544474115e+82,  -3.81929429084932e+229, -1.36000794512735e-40, 3.32440775468392e-102,  1.46317577893356e-88, -9.03169138299282e+76, -0.000160375660184228,  3.68023773146232e+90, NA, -7.4246571393321e+52, NaN, -Inf, -8.09565650625223e-190,  NA))
result <- do.call(mixR:::norm_ev,testlist)
str(result)