testlist <- list(cv1 = c(3.98523873743488e+234, 1.7661269812038e+73, 1.37535609949821e+297,  6.25064487249691e+236, -1.01110776078598e+281, -1.13879386898774e-99,  -2.9132257200542e-246, -1.42107173705384e+66, -0.0699551533055492,  -1.39356712150869e+217, -6.20305442726617e-290, -4.89037391145926e-206,  -Inf, -9.23334739928937e+220, 6.66673156596543e-74, -5.23067670481502e-211,  1.16071260358974e-256, -5.13036417931801e-204, 6.62582237520057e-214,  6.50434338117425e+103, -1.26424081274688e+271, -8.82674626940499e+77,  -8.4073029672143e-291, 4.397456254574e-159, 4.9574084118981e-80,  1.51909299240545e-56, -1.16745105849022e+264, 4.27652812337682e+128,  4.68683389191234e-187, -7.24167484645833e-215, -6.02484133364342e+116,  NaN, -1.33287971311538e+200, -1.06015626474581e-95, 6.82197654864449e+147,  -1.32814103387232e+227, 3.44001050781649e+172, -1.19822904163166e-276,  -1.80552747203584e-254, -Inf, -4.29660992482464e+177, 3.33299460905382e+125,  2.56773173595042e-81, -Inf, 1.13024045635666e+39, 1.96060337747646e+269,  -7.84694141470418e-292, -48586046772145368, 7.24347441220064e-137,  6.45215185368607e-21, -1.12645539150091e+61, -1.85563707401487e-260,  -2.55798679979936e-18, -2.74876763261932e+209, -1.08269589648073e-122,  NaN, 2.76751086732224e-51, -2.38470579370939e+100, 7.65614878699521e-302,  3.92751669566877e-243, -7.1057930735318e+225, -9.0061814488826e+46,  3.57369120466755e+66, 2.90771052262025e-142, 2.37474319413667e-127,  1.24755383203889e+85, 1.05444183494371e+178, 1.73768637350481e+22,  -1.71131696663743e-104, 7.1871243139357e-206, 0), cv2 = -1.60775225793868e-74,      cv3 = c(-5.64968444638492e+59, -4.00801060042619e+166, 8.08721926693059e-50,      -6.94121094233224e+279, -1.90992357523179e-304, 5.54756747010028e-61,      4950.63083787972, -1.65818439181251e+246, -138503.812027899,      1.08094632443247e-303, -1.94229543622841e+207, 5.08720428821489e+96,      -5.29770092522e+243, -3.81874545899392e-143, -1.50735949894111e+252,      -3.01527397222471e+152, 2.8533155282186e-217, -1.28168092209795e+266,      4.50859111156459e+263, -8.77129167121186e+53, -2.80091558465077e+265,      -8.79482932825192e+226, -6.04457816258787e+243, 5.66825707647124e+84,      -7.12225118666723e-87, -5.21414398887525e+262, 1.08517410855051e-283,      -7.66944399761628e+131, -23060252.4962422, 22359888770165304,      1.84334148096946e+258, 3.36439207057384e-21, 5.57857741230116e-106,      1.6425002864735e+82, 1.02556497278543e+52, 3.88403413869261e+118,      -2.49232290262248e-28, -1.38776455308897e-25, -115880429286461360,      -2.02175405912762e+83, 1.09338217519656e+82, -6.36500136474019e+180,      7.50035078368431e-150, -1.11500759844391e+185, -3.35241972505019e-308,      -4.34223720146574e-225, 4.71178996740679e-152, -2.59586016787846e+180,      3.36451332428013e-87, 1.89256352921324e-156, NaN, 4.26906497426475e+203,      2.87090388706501e+39, 4.63027534989726e-120, 1.92282105250618e-13,      -3.70547625228452e+52, -3.09060622277916e-60, 5.45451067008455e-205,      5.10526267331207e+132, 1.55445983616957e+230, Inf, -1.34516478791756e+121,      -4.78450225356329e+40, 2.50481880281968e-102, 1.4652144553482e-235,      6.31830170177002e-18, -1.32183637497094e-126, -1.12946484709602e+134,      -2.14379270641231e+233, 22318197832269572, 8.4392823832218e-285,      1.12446204200504e+113, -3.30857355803172e-304, 9.49158631114972e+285,      1927447967109185280, -7.1201029988551e+298, 2.06961297009996e-111,      -2.99286120826676e+255, 858239570106499, -1095493195582.77,      -3.09038791263048e-167, 8.9221105251013e-82, -5.0635715500015e+176,      -4.72463364698218e+234, -5.9910256529582e-48, 4.86405760511353e-95,      7.29694427438812e-146, Inf, -7.28457548940581e+20, -1.08569126872827e+123,      -5.66779575599685e+120, -Inf, 3.66770424401155e-243, 3.17676661291923e+169,      3.84208557277372e-131, 0), heights = c(1.11818822893533e-23,      2.87046292708788e-217, -1.85496286486211e-187, 1.97807598615553e+118,      -5.56050195149793e+235, -2.34531303928441e-240, -2.67447475718027e+98,      -4.10197133805087e+306, -8.14886308031111e-269, -1.65059071208319e+37,      -2.34068661431239e+254, 1.30233934048689e+76, Inf, -1.26063727980432e-216,      -1.82080607160459e-16, 1.71036848578238e+126, 4.20747716986826e-94,      2.7599201950772e-154, -3.02398291175502e-137, -6.32978274959413e+141,      4.33032551763647e+25, Inf, -8.27974351205088e+268, 1.23397103569203e-13,      4.24894080247576e-143, 283730953480.49, -1.60861329674116e+261,      -2.91289463785284e-46, 1.43151102798054e+258, 31165027.7129233,      8.12167189311094e+208, 9.48555276481325e+298, 6.17018324924603e+96,      NA, -3.43578222511095e+305, 2.59433132029877e-194, 8.34915479412863e+98,      2.01983145575639e-305, -9.15639471261395e+270, -5.35126693880674e+200,      4.36408222649379e+64, -4.26197728058234e+205, NA, -1.55715507622922e-12,      0), p1 = -6.72354467756174e-218, tmax = 1539798158L, tmin = -288186374L,      width1 = c(-8.39418331938969e+207, 1.7954495555614e+178,      -3.12531170674831e-158, 28349594066351.3, Inf, 3.96562953002764e+198,      Inf, 4.38375917806534e-264, -7.97288129636118e+123, -7.62932237332767e-290,      4.75042870691232e+101, 1.67700041135956e-05, 1.24854964153106e-148,      2.1088765295419e-202, 1.07985605362486e+136, 8.65975432686149e+89,      -4.57195682487847e+94, -1.57517399583166e-195, -1.77168310220964e-221,      -3.09481829163876e+118, -9.18348385748566e+206, -4.28441788964588e-32,      -6.30475450025237e-196, -1.30164623421129e+209, -1.80400032170191e-151,      -7.71247470649861e-41, -1.35605163754266e-232, 2.24113573262378e+299,      3.69374356004446e-134, 2.03738951068031e+35, 2.70806395168869e-256,      5.98198244633211e+208, 3.2515258066134e-152, -3.77735366768567e+66,      2.06563661128694e+123, NA, -7.30109180984676e+189, -5.64320560674106e-60,      -2.73167983469908e-81, -8.46745309949889e-136, -2.11055713989633e-249,      6.21127444064863e-78, 2.66657037721307e+49, 1.29731501189195e+53,      3.43281269912102e+56, -1.00627726786238e+100, -1.85805699856847e-233,      5.51695253850408e+129, 2.14383070527591, 4.25719654319455e+188,      -9.22438806680362e-79, 2.93305592292849e-168, -9.91241455123247e+286,      -8.9514199071279e+224, 1.79649226537318e+243, -1.86964975060505e-260,      NA, NA, -3.9268390118024e-114, 7.97868665299972e-249, 9.39900355098323e-116,      1.92845672652982e+155, 4.15370911634023e+255, 0), width2 = c(4.52580154348593e+214,      -4.83763449580545e+286, 4.79112828083266e-18, -3.28596028438937e+22,      3.0718994693902e-282, -1.25505719437621e+178, -3.76522368123288e+190,      4.16042378888221e+214, -Inf, -4.30771301535432e-171, 2.18108975457232e+260,      1.10463505555739e-300, -33504547750.0344, -1.14695537375015e+94,      -8.13030142379832e-200, -9.3631694027005e-105, 7.70051460212528e+21,      5.04320927441547e-288, 4.13190763760965e-09, 5.30361770539052e-190,      -2.46113739448069e-129, -3.77845134893031e+87, NaN, 3.52743627191018e-57,      -3.59775333179607e-284, Inf, -Inf, -1.58416603517635e+259,      6.56526129987109e-230, -7.24990905898148e-42, 1.78248837051449e-208,      3.42796820482101e-224, 4.44761118444982e-209, -4.61415544630392e-31,      3.52490147938061e-256, NA, 2.40212082373013e-31, -7.44599269246011e-274,      1.60889773274456e-304, -1.2707434543846e-39, 1.24186980287535e-247,      -7.19295344966214e-11, 2.51951464403343e-91, 3.93215793863927e-264,      -3.96830272541752e+224, 56.116319445482, 0),