testlist <- list(a_ = c(1.64057656733944e+78, 1.38447111693748e-45, 1.95087204111442e+70,  1.95087204111442e+70, -9.06933562171819e+261, NaN, 1.29258260051716e-29,  -1.23530162672658e+275, -8.44718720594927e-78, -1.41021006992584e-86,  -5.9391984105838e+212, 5.89824405565473e+277, -1.42562211280479e+50,  -1.4771261784834e+155, NaN, 3.29043280632061e-166, 202323055.386772,  1.37640207347947e+276, -2.13128644291408e-163, 5.6384753384315e+122,  1.4162395910792e-260, -5.72218011614252e+190, -6.06508128290989e-09,  -6.15577070479271e-233, 607454386265621, -2.65414839336909e+84,  4.4073184101869e+189, 4.08408884545755e+281, -1.09439736961931e+205,  -7.4899134458909e-146, 4.75358662738347e+289, -4.71699838842686e+39,  -6.37510487069923e+232, -6.10579304743087e+234, 338255109747.531,  -2.74976176329744e+32, -3.44783969735317e-199, 1.49377649418686e+100,  -1.10192565559219e-222, -1.09688880183996e-138, -7.47673256412533e+224,  -2.11850561254152e+41, 8.04448154930547e+88, -2.30142149680345e+46,  -8.42858031067354e+256, 1.26066206482439e-09, NaN, 6.01055687353464e+101,  1.93728282149628e-225, 7.44381468480469e+200, 1.36870819500615e+276,  1.1907490166674e-50, 4.5930851298314e-149, -5.15711487085757e+133,  -7.92728036770625e+103, -1.72945206179186e+57, 7.08948762325862e+116,  -2.15463112603937e-13, 7.86536983393339e-308, -4.73655637612051e-08,  -128836691406.273, 1.63820059961564e-138, -1.17304957821625e+201,  0), b_ = c(1.60768150941231e-16, -8.81468184728144e-207, -1.0259205396899e-97,  1.0122422710907e-255, 9.68713268956434e-78, 9.44865224207164e+126,  Inf, 8.34128461023491e+195, -1928131301854.49, 1.18088127675495e+39,  -8.21223978599641e-274, 5.45805553689362e-32, -1.78692659272063e-100,  2.003803512261e-194, 1.97152877662703e-52, -6.30108368309586e-158,  1.07154287821991e-185, 3.35325721580043e-65, -6.24380404234514e+35,  -1.00359029351778e-255, 1.06023493772019e+178, -6.6276645597491e-105,  -4.87148979889272e-186, 1.95709663309242e+191, -1.87231809179043e+57,  4.23134497122659e-192, -2.22917097755184e-76, 4.23134497122659e-192,  -158485770048.316, -131071677810856, 5.26347526696661e-135, -3.51534061742295e+39,  1.13925645993948e+115, 2.33429923312181e-237, -4.36368284678788e-194,  -1.04307642518033e+272, -4.76650392772098e+96, -3.11358832799392e-235,  4.7567992223431e+285, -2.09694984087038e+210, 1.69438624639864e-187,  -9.4761279674725e-224, 9.46794626461359e+66, -2.15078405397121e-151,  -2.13383398688891e+254, -3.34379848751186e+21, 1.44024889943391e+138,  6.60329390600378e-15, 5.78140322584974e-98, -1.28327395209764e+212,  -5.48137053540548e+262, 1.33120158698444e+47, -1.50225179421542e+118,  -7.20509409056483e+163, 1.27962656049322e+232, 1.44617642700519e-276,  1.3369542071478e-90, 7.96463113611026e+245, -2.63460577466322e-261,  Inf, 1.54146827870137e+116, -8.4933537599457e+35, -7.58027832159268e+228,  3.59192182721644e-16, -3.65672924982293e-108, -1.55544033318709e+273,  -3.81628400034979e-233, -2.43788704632516e-126, NaN, 3.65662276410442e+275,  1.82151770373084e-244, -7.63342760098084e-229, -2.88421108345411e-52,  -57725541455973515264, -3.0854941176843e-152, 2.04303358721028e-126,  5.73958238430161e+93, 3.44676291040417e+165, 0), x_ = c(1.38586337536018e-286,  -1.62144270859562e+106, -1.14003008332042e+197, 3.44028446130853e+260,  NA, -9.82177430516182e-18, -2.0334986967742e-202, 1.51238027475743e+303,  -3.63613377675224e-266, 1.12896775639909e+259, -4.05845038587794e+304,  -7.4980845358093e-164, -2.72265535096443e-94, -1.60430350215932e+271,  NA, Inf, -6.82521994871362e+235, 3.02872959439832e-274, 0))
result <- do.call(ffstream:::computeTwoSidedPvalueRcpp,testlist)
str(result)