testlist <- list(mfV = c(243535020L, 1649522050L, -879953637L, 1076286280L,  1903691637L, 1291204341L, -1562484776L, 1123438673L, 2069757405L,  -1364041863L, 1062769791L, 2120796143L, -523344851L, -996531609L,  2021736379L, 2022640883L, -334901093L, -1137699589L, -2002159097L,  289535729L, 257629907L, -180340114L, -1032246982L, 154480117L,  1056805114L, 765851062L, 1315945823L, -1330425665L, 242193156L,  -1345490319L, 1201384272L, -791132914L, -690616061L, 2080291273L,  1853237278L, 712564280L, -412009321L, 1051592837L, 1236587801L,  -1944377246L, -248420756L, 790574493L, -1772241728L, -711264067L,  188044361L, -480456915L, 279201437L, -1083244624L, -1620763441L,  -2058261477L, -1373054076L, -1026342451L, 143988716L, -236578558L,  -1973444790L, -828442003L, 68631689L, 1755948055L, -780166252L,  1390174555L, 1903708002L), rhistobins = -1286991532L, rhistoboundsV = c(-1.98179933013598e-297,  -2.8596606276986e+126, -2.69791479876656e+64, -6.06870267837955e-183,  1.98667894577858e-132, 1.30378100053724e-58, 2.06226197337801e-294,  -1.2859601668122e-36, 1.35747444673436e+230, -1.08517278778407e+21,  -2.66478301628462e-117, -7.27711876021185e+205, -1.3332161375729e-123,  7.26482134854601e-70, -1.50874693585602e+202, 1.86834229974026e-97,  4.60470958918736e+243, 2.77730703874016e+236, 7.69894547972171e-89,  4.79081512353446e-238, -6.95266449137555e+179, -4.8009062148321e-51,  -1.03735133505817e+89, -1.92543005321734e+37, -1398590797162098,  4.55892887662829e-51, -3.35895169723046e-231, 3.84841827489841e-132,  -1.06283595190779e-273, -1.55546278627295e+101, -2.32410196309005e-153,  -3.01277955902886e-24, -1.10321006984924e+275, -1.34105756730763e+76,  -5.77783211459989e-261, -2.88977819304177e+203, 8.51910493988421e+248,  2.06264973798797e-300, 1.69617677150846e-176, 3.95356067376995e-05,  -3.80147658297875e-75, -7.9547895040856e+143, -2.57911090135425e+123,  -3.51254464728356e+273, -2.34328404761519e+260, 8.80712201373375e+183,  2.31766489729392e-54, 4.18428537539022e-148, 1.3348033285467e-139 ), rhistoData = 1.67087417924583e-167, rk = 1583375593L, rmV = c(1473698998L,  1375006897L, -1212600528L, 1375006897L, -1031160788L, 1135275412L ), robservedValsV = c(-6.06987427478822e-92, 1.99297925143313e+185,  2.76504354121682e-247, 1.73449647887861e-218, -7.99673422465593e+32,  -2.65451953001246e-24, 2.90992270379842e-226, 1.59363195528273e-85,  -9.6058602592391e-14, 1.94017041189738e+245, -708033289221.513,  2.70556548924223e-169, 1.94564217794711e-174, 2.16961927502633e-222,  2.86187280622422e+259, -1.70099699382665e-276, 5.99249482420488e+109,  -6.87851197370956e+103, -4.04479138133641e+229, 1.15534477548193e+107,  5.71273754056285e-194, 2.01701324239408e+253, -3.11231333158067e-229,  -1.34477648935595e-162, -2.19771425923763e-185, 9.33597072267938e-293,  7.34305010414498e-165, -1.04191463999044e-193, 2.15177012013628e+165,  -6.94313509841751e-208, -3.01900101394729e-156, -4.27377669195109e+148,  1.23323170463171e+130, 1.48547204511751e-143, -1.04310153114843e-116,  8.16764382473557e-111, -2.09545294904392e-22, -5.70400762505135e-238,  -2.07081855709675e-80, 8.5455382271307e+192, 3.13880924774272e-45,  -1.31829639664378e-67, -3.88007310706922e+111, -2.73349784924818e-273,  3.74346808450414e+144, -1.11691051946455e+197, 8.24572025426636e-140,  -3143310072.61663, -2.7154489829733e+175, -8.99302500161768e+140,  1.38164596936339e+132, 1.0427490088369e-173, 1.33396984348503e-166,  -3.22048262438252e-233, -899109387869.941, -5.80325779441735e+65,  -3.02866560953896e+104, -0.00296575175622221, -9.06850566920262e+282,  4.63877483327205e+62, -5.6240952560463e-74, -1.4458869385411e-68,  0.0071543511529997, -1.70060342788749e-43, -1.85921099298703e+32,  869729451107702, -6.40224370293622e+262, -6.25281312970967e+211,  -1.23564473316565e-266, -3.01267155424124e-77, 1.38496627364502e+41,  -2.70179665334174e-176, -7.77752531682237e-298, -1.63731843829226e-198,  -4.62759232740779e-205, 1.66633462670291e-32, 1.45342792648455e-268,  1.44482202729576e-188, 2.38395639244005e+148, 7.77331130481836e+295,  -1.20509976596249e+99, -3.30076249319665e-47, 7.69574054488415e-24,  -2.59909559936101e+272, -1.25425632098911e-99, -2.73128308680604e+126,  7.04770681659135e-119, -8.70419004886074e-200, -3.29073095521994e-118,  4.53742166926922e+27, 1.83022226777067e-288, 7.09880286895475e+239,  -1.80471011938495e-217, -987689888031272, -3.35262492003067e+233 ), rPvalsV = c(-1.73242535028081e-255, 1.89045627153742e-83,  4.62993284519814e+141, -2.96832121510248e+248, 2.26228628103453e-308,  -1.28462879892518e+49, 4.45231659910143e+103, -2.17954322173227e-274,  -2.8037364869221e-33, 2.75942888158733e-307, -6.26090049991747e+56,  0.000336919605581402, -5.29721002733514e-305, -4.18413394321102e-91,  3.65700452771446e+41, 2.4173207762824e-265, -3.04439602961377e-172,  -6.07482970854101e-96, 1.02115779901467e-61, -1.60520562931653e+131,  9.32367420976005e+86, -1.55862294717181e+210, -4.79268961768451e-244,  -2.02122568247821e-93, -2.02551557554315e-94, 4.25899197508473e+233,  -1.9845431192698e+254, 3.30324737679082e+180, 5.61680736417283e+76,  -2.40946879114043, 8.35702861817218e-106, 7.81850166711929e-45,  -2.37346002276272e-55), rsafeSecs = 1814630536L, rstatID = -1184086191L,      tables = 8.00142049676616e+98)
result <- do.call(HardyWeinberg:::xChromosomal,testlist)
str(result)