testlist <- list(i = -859123770L, j = -833306918L, skip = -1853344679L, w = c(-2.90613072828296e+54,  -5.1455409884978e+52, 1.65748142613474e+85, -2.94105388448976e+293,  1.29444124749937e-216, 9.84565431720451e-262, 4.27041123224897e+234,  -5.99476238622808e-285, -1.5851781372337e-130, -Inf, NA, -2.08894268765062e+162,  -3.02018833789301e+161, -9.02823258046114e-199, 3.86538110015616e+258,  -1.32892441051192e-107, NaN, -7.29294725054442e-119, 2.5774433379992e+89,  0), x = c(-4.10992077078133e+279, 6.33313175514458e+83, -4.04355263331204e-253,  8.275631013797e+156, 1.73399881221734e-143, 6.69732061101425e-234,  1.34168947227602e+234, 1.39235229832701e-40, -9.34944900004484e+57,  -1.43855528068687e+86, -9.40576416867088e+45, -6.09908043339759e-263,  NA, -9.45831560947621e+285, NA, 3.18131878071485e+249, -1.41554953658029e-55,  4.1221169377137e+223, -7.06372366509837e-199, -3.44409570304761e-146,  3.32687862027605e-271, 3.49578359017094e-165, -7.28214610108241e+248,  -6.12575080818263e-253, 1.52647595666839e-252, -4.1526718198911e+274,  -6.05464802745853e+305, 1.77562409490005e-282, -8.14449443377383e+48,  6.88898770632362e+294, -1.85174033178542e-53, 1.96620553616395e+244,  NaN, 4.84407383851921e+20, -1.37502408050649e-203, -5.64856722859933e-270,  Inf, 1.64557243695129e+246, -1.53401661688702e-41, -5.12677740113545e-40,  NA, 9.21541283737666e+228, 6.77562489406271e-54, 2.58773377134994e+143,  3.11804787138563e+61, -9.47936927833702e+187, 8.57771216943455e+276,  3.17477870226719e-130, 4.45363968423152e-116, -1.03244664144145e+194,  1.51946004064531e+214, 3.63342942988928e+162, 6.14896338025779e-90,  0), y = c(1.65611389974568e+270, 3.9491769147751e-259, -1.8090242661099e+129,  1.08493115644204e-91, -4.39229016100269e-69, -8.69256108154755e+251,  -6.9039228052116e-242, -1.65170169696778e+240, -6.09341250786103e+136,  -1.36221959511512e+188, -7.13301495202225e+206, 6.22775214027668e+149,  5.11687470750452e-233, -5.9773707351768e+247, 4.70667868241027e+129,  2.33528071599615e-66, 4.75317341990131e+173, -1.20135979087734e+287,  -1.79424001918097e-82, -6.14876904676494e-178, -Inf, -1.48780998596319e+240,  -4.36609491158705e-82, -1.59730396158588e+108, 1.94172400681676e-196,  -2.41901058083867e+239, 1.17157193832271e+297, -1.21903714986955e+235,  -6.82106212931426e-72, 7.17771070267473e-70, 1.87205770319368e-82,  -1.11734274553834e-294, 8.37581587349373e-27, -5.15951416385948e-305,  -2.87002404453268e-220, -1.11805254291935e-204, -2.14504412186192e-57,  1.10286970757306e-145, -6.95123869406658e+207, 8.95254452238677e-78,  -2.99434194115103e+305, -2.96952137061414e-222, -1.02670549857137e+278,  -1.69809761832562e+294, 2.14644174859992e+221, 2.44572048756896e+163,  -1.86902737514489e+170, -1.40593665806863e-305, Inf, -5.24114946474722e-211,  -7.69655324192954e-227, 8.37308946713797e+111, 4.66593180922913e+112,  -9.06404829653535e-212, -1.53064422382811e+268, -1.13082487098396e+83,  -3.30692830131486e-171, 3.98899049836374e-81, -5.23615762164095e+281,  6.50102370775932e-43, 1.24934271106098e-247, 5.60584323620514e+145,  -3.1333081001605e+238, 9.8020383694205e-206, 1.10356779740354e+255,  1.40091219615952e+227, -2.41901058083867e+239, Inf, -1.3305127422281e-236,  1.21473487279326e-119, 4.39397261765325e-126, 4.8995445341447e+40,  6.41507514085366e-224, -1.13634367779174e-282, 1.32704363962093e-212,  1.83564228116117e-211, -8.1559312669658e+158, 1.30756228229761e-56,  -2.32018459467934e-240, -1.27579271972527e-130, 6.86729972774295e+116,  0))
result <- do.call(RcppDynProg::summarize_input,testlist)
str(result)