testlist <- list(nsites = 690611273L, offset = c(-2.2521011480475e-100, -2.96975184608378e-291,  -7.52160628140641e+249, -1.19396025156147e-166, 4.02021985843743e-91,  2.59208507151603e+91, 1.36023687076884e+69, -6.15403341471035e-52,  2.76475624397436e-171, 8.06079199355792e-168, 1.16199179965865e-264,  6.98598735899035e-25, 1.43059905225453e+91, -4.299361695197e-302,  -6.38979920257647e+231, 2.42163750571584e-186, -2.37966309631014e-309,  -3.53578736365253e+71, -4.83572215489755e-08, -1.09749550645865e+95,  5.38791722821049e+71, -1.2994591432942e-157, -6.20975174210256e+270,  -1.62550819672201e-137, 9.70846540859706e+92, 9.07922535719456e-60,  2.25426023484049e+133, -3.53578736365253e+71, -1.61016988236688e+229,  -6.86127413517875e+249, -1.45569124700095e+304, 1.99179453866972e+158,  -2.23249132611988e-66, 4.81080212295376e+187, 7.65243236730511e-161,  -3.54616788960352e-75, -2.30077866334194e-211, 5.36070409610525e-140,  -8.94334693000123e-45, -2.13725625520757e+24, 1.05382004279967e-221,  -Inf, Inf, -Inf, -2.51275958405814e+117, -5.15645286852095e-244,  9.91756796033806e+285, -6.9899127201283e-45, -5.4842045612698e+231,  7.655275368326e+156, 1.33902427506118e+110, -2.63493394326071e+208,  -7.38556748339169e-104, -9.78729167370986e-113, -3.21516244136772e+292,  3.94392316891128e-256, -4.0401790497719e+139, 1.00061035044593e-238,  -3.93617825042896e-101, 8.17531778650669e-196, 3.44495168726431e+27,  1.7132792664271e+176, 4.66814585342917e+183, -3.28180176138506e+137,  -1.85524801410145e+177, -1.34711850174955e-129, 2.93523060682195e+169,  6.63439608886064e+192, 6.70282913901865e-265, 2.16908046868266e-180,  -6.81657217346379e-158, 1.10383801385968e+243, 1.0701957066834e+122,  -413845039132035648, 1.90329660882959e-43, -2.70695643387645e+57,  1.08890861116652e+150, 9.58103997946912e-250, -2.40593382596861e+238,  6.93842257281569e-195, 3.78119742098511e+83, 6.21898294366857e+220,  9.52435628116466e-103, 0), phi_tune = -2.15699270431218e-158,      phi = c(-1.23610067312072e-281, 3.7339289399616e-156, 3.85097780811998e-191,      1.36727761906873e+234, 1.26263121684567e+21, -6.74983412881817e+42,      -1.43169615994122e+79, 7.11061931417618e+234, 4.06924720681942e-257,      -1.57336252970291e-64, -1.70455294354229e+187, -2.08815797878636e+127,      4.42300191016267e-220, 8.33308888609047e+307, 1.30875947825471e-246,      -4.24330052157317e+223, 4.13989576721385e-274, -1.51487553759236e-77,      NaN, 4.96859205342113e+175, 2.14012856659365e-128, -5.79962028611633e-206,      3.39505697573061e-149, -1.13494323876776e-30, -7.25015809621949e-67,      -1.41939493690788e-253, -262223715028.192, -8.81748099207657e-140,      -2.1678503919648e+181, 2.39153266387912e-64, 4.44259475355704e-256,      -5.43932059640907e+63, 4.64910689020424e+285, 7.40201751859856e+264,      -3.27213374561162e-211, -1.73627015811059e-86, 2.63356110826965e-08,      -1.91737382584184e+226, -1.34939614964105e-184, 1301014746922612224,      1.30726702917905e+30, 117150596655270, 7.73573600694612e+42,      -3.17747370202929e-75, -2.39285780508336e-159, NaN, 6.06282456042275e-304,      4.02374138994894e-302, 1.36196201625436e+82, 5.93865701466765e+59,      2.53796680865042e-196, 5.58862055481787e+238, 1.06150739370844e+156,      -4.09309701541232e-41, -309.781825104883, -1.08914924070663e-214,      3.18921437811394e+218, -5.16437104841624e-137, -2.25612164934582e+212,      1.53394394544998e-252, -3.30577127701967e-13, -5.79210737882149e+300,      Inf, Inf, -1.17542044815012e-145, -3.42369858482835e+37,      -1.188692864506e+106, -5.87175467204516e-52, 8.0952829156949e+203,      -3.14384043300281e-276, -2.25724389846964e+202, 15151272085561780224,      -7.13840880970482e-270, -2.00693450225524e+201, 7.64135915053789e-184,      -1.96318740122672e+179, 5.54177528994941e-266, 7.75788680127449e+85,      6.82822043578547e-131, 6.86454085722945e+169, 1.49025266890705e-166,      -2.29740379637681e+158, 2.30731287906629e+291, -3.93932429785864e+181,      -2.18939289459629e+126, 1.50814686309621e+160, 2.12923295475772e+44,      -3.19809400274754e-149, -2.52000728472002e+247, 4.04697722806176e-192,      -1.09174212556775e-293, 2.29145065630804e+98, -6.38918848966957e+89,      -1.16620744335559e-122, 8.87954196495511e-231, -6.67778552152772e+295,      -3.1818681858445e+211, 1.30529487492124e-284, 0), poiind = c(3.07071013742828e-209,      8.54311524893183e+194, 2.66967441395067e-15, Inf, 7.14345775438385e+31,      -1.34321231917739e+42, 3.05010677879018e+99, -0.0010910407347716,      -3.48755586348962e-78, -2.01268007195732e-156, -5.65590005801739e+200,      -2.86547766503705e-212, 1.35611999316752e+51, -4.92219439971204e-217,      -3.40574139015941e-116, -1.46551847678415e-37, -4.31132739267356e-50,      0.00147259772751061, 3.43205444268401e+88, 1.89149462830221e+203,      3.29458054475352e+293, -Inf, -3.61782153152818e+71, NA, -2.34540660278202e-104,      9.95176157940775e-226, -35273717175316424, 9.4334700896989e-265,      -1.0339763168398e+204, 4.12349068203678e+69, 9.15716344824995e+179,      1.0620684101643e+144, 1.56974767283121e-15, 6.97547593862633e-180,      -2.36686856853798e-65, -8.60024594678209e+125, 2.55100772680918e+200,      -2.17336234422109e+185, -2.84962478403085e-170, -3.47519483830775e-99,      2.32989733096345e+160, -4.31281392301805e+89, -1.80325841459622e+47,      NaN, 1.05561711880701e-156, 9.18852793528143e+286, -9.70883584215816e+27,      1.14380558947626e+67, -8.17300346716837e-122, -1.4148178203686e-14,      8.15963074016311e+293, 5.33576348920503e+173, -4.3180078525688e-19,      -1.02030160253016e-250, -4.94104320671955e+41, 3.12480271903805e-162,      -3.89202076944233e-09, -1.26796054966863e+222, 3.97222866153505e-16,      -1.38413117182747e-77, 1.68055053469039e+261, 1.8740415831826e-257,      0), rho = -3.96879780693126e+155, tau2 = 3.85277595921646e-293,      Wbegfin = structure(c(559069454074998, 2.019238061464e+87,      3.92840585046139e+179, 2.73875455938475e+103, 2.52909044832401e-47,      7.71090646928541e+65, 4.70286032552506e-101, 1.40811333282478e-83,      2.03221217995987e-196, 1.24384957483858e+173, 1.11081542935126e-156,      8.34130679962967e+216, 1.64772266497922e+96, 4.74820348536505e+37,      1.26744732416194e+203, 1.31841689876263e+52, 9.89017900391044e-83,      1.15566267102023e+160, 4.08508836792051e+180, 1.39453127813448e-46,      1.29301758639889e-281, 4.5702882212707e-20, 4.11358270643439e-283,      2.78580932941218e-54), .Dim = c(4L, 6L)), Wtriplet = structure(c(3.98963491801071e+289,      8.32819967572689e+139, 2.45610186765107e-290, 5.18904930318111e-103,      8.63702040571633e-58, 9.75284912052064e-138, 1.18615528517283e+257,      3.4618781215655e+159, 1.81627999784766e-230, 7.37705459023338e-73,      1.4436890542273e-148, 4.04703847695055e-296, 2.67022163148502e+82,      4.31717940725412e-192, 7.10645403366329e-81, 3.49954550046479e+75,      2.33727345966295e-117, 7.01244633947577e-276, 1.260123222721e-157,      3.96119071055825e-284, 1.35562414018228e-280, 1.55360135244121e-304,      4.37318402901401e+276, 5.87359450902593e+103, 6.0528313154455e+64,      2.57513911388935e+187, 1.08152947054626e+170, 3.66162870635749e-94     ), .Dim = c(4L, 7L)), Wtripletsum = c(-4.89620697184617e+182,      -4.92369657981905e+143, -Inf, 4.95910917234473e-161, 4.90961526581651e+124,      2.33561902586763e+238, -5.01027664917312e-116, -Inf, -9.74825754449314e-254,      2.03030126443771e+288, -27342014154870348, -4.92369657981905e+143,      7.0249893346154e+83, NA, -5.25699815118543e+112, 7.21264147433938e-14,      7.65155311828294e+58, -1.45008992429022e+299, 0), y = c(6.52525314042637e-94,      -3.92534286811738e+111, -Inf, -7.6587917336899e-259, Inf,      Inf))
result <- do.call(CARBayes:::zipcarupdateMALA,testlist)
str(result)