testlist <- list(alpha = -3.95935899001625e-293, m = c(NaN, -124.195034116486,  NA), minLambda = 7.31169004201469e-40, n = c(-2.12361331375484e-270,  -1.21514136126333e-228, -4.34231016469038e+28, 3.24279235737923e-111,  9.72485032940672e-203, 3.1274788284128e+293, -6.43397871907663e-176,  -2.9834065996566e-254, -2.86525998116084e-279, 8.11992444028013e-164,  1.4254632894763e-145, NaN, -Inf, -7.41215004045405e-301, -7.5687479010673e-125,  3.85883609462477e+167, -2.84712313194066e+281, 6.42079379073649e-204,  -2.28664628552394e-172, -1.05049513049761e+97, 3.56628275980141e-292,  -2.88700164010523e-128, -8.5113358603058e-245, -3.498663785212e-75,  -5.809843522961e-212, -2.37281836170646e+145, -6.5592685214747e-254,  2.3245157360432e+229, -Inf, 1.73907897261131e-86, 7.98124326709548e+203,  2.35877099709432e+122, 1.48549080163717e+94, -1.20625121763078e-88,  3.23551486265211e-293, -5.35800423198156e+118, -1.80666320577962e+293,  4.56788132713738e+281, NA, 1.64872766297238e-139, -1.66702379530961e-167,  -1.36653104772515e+65, 2.60542737354465e-127, -5.23124729869887e-277,  -1.16862693052018e-290, 7.54327531187389e+210, 3.41020263892407e+125,  4.07395272971841e-05, -3.66690310527781e+273, -1.95670595496967e+89,  Inf, 4.19330369595423e-283, 1.09220883493557e-303, 8.78980713929444e+294,  -2.91107702049621e-163, -9.82460577051715e-235, -3.65952392985765e-22,  -2.6106933440745e-272, -1.95745323501265e-153, -9.31173325036921e-219,  3.2273513153144e+304, -1.24833060071197e-223, -5.43964398739523e-263,  -1.71414916451495e-184, 3.71929964582202e+207, -9.36347974994263e+40,  3.26740793291952e+98, -1.20770908838743e+226, 6.67273859211406e+264,  -8.10925061905577e-234, -2.35361469694385e+124, -2.22065498647641e-14,  3.77155414658531e-162, -2.02211285919067e+240, -1.31570712955842e+153,  -2.93585437040138e-11, -6.70285497078522e-06, -3.271243887048e-37,  7333577161.54518, -5.96031042719093e+138, 1.29308113101975e+226,  -8.41909337064171e+43, 1.33676565235462e-149, 1.59523104989629e+72,  7.36772023023231e-76, 3.78909628340174e+61, 2.72992232859431e+170,  -6.11380967892145e-68, -6.12823531639188e+260, 8.05775585973295e+191,  1.27770218589329e+44, -6.24030857429693e+69, 0), numLambda = 1523557130L,      switchIter = -1869750794L, Xmat = structure(c(6.06826932488344e+287,      7.17977380963674e-132, 1.15169041205889e+98, 5.01876941302438e+128,      5.91630186751067e+111, 2.9168149829221e+229, 1.06612099919422e+81,      6.79778158874316e+277, 2.14405558266075e+286, 1.57180650854803,      9.66797066808091e+160, 3.40562033440605e-209, 4.87478649900443e+285,      9.26603507410843e+204, 20671467.961599, 7.276558791311e+22,      3.22889363606548e+63, 48281723076.8105, 2.43048776536174e-198,      5.4612887746958e-27, 8.95684357100048e-182, 9.89403201959591e-225,      7.26935079650577e-90, 1.70474744875003e+269, 1.26689355506125e+20,      2.80053832728926e-114, 1.18164889001346e+64, 4.8564641416364e-284,      2.72634788659212e-170, 1.60920210061157e+133, 1.17032848487072e+204,      2.81753264729731e+22, 6.26214597121328e-53, 5.69090017796632e+191,      1.57799235790492e-81, 4.36500161434816e-281, 1.32554764442819e-95,      8.88571339502207e+288, 3.57440408721782e-295, 1.79750970363117e+143,      7.41815676505722e-306, 3.17174907034017e-10, 2.74439968867427e-13,      2.38703298966726e+77, 8.39135492594208e+127, 5.35956905844599e-177,      3.85951767735133e+202, 5.21229161351851e-302, 4.4136019304239e+31,      2.48479950162858e+265), .Dim = c(10L, 5L)), yvec = c(1.59698581402879e-97,      1.97768394990507e-80, 3.95821695513841e-289, 2.50189154598755e-17,      2.16756484315835e+227, Inf, NaN, -7.65974096254469e+305,      3.11601372730824e-277, 1.36744228166025e-64, NaN, 3.85547754605433e-121,      -6.71478664877901e-145, -1.52532966498277e-51, -1.35186424724707e-76,      2.90356027847942e-31, -1.04129110674641e-245, -5.10703213039638e-148,      3.19691619632687e-15, -1.10241200031678e-245, 1.78722074298081e-307,      NaN, Inf, 2.42038848157467e-120, 0))
result <- do.call(clogitL1:::clogitl1_c,testlist)
str(result)