testlist <- list(x = c(4.33871809342937e-250, 3.05429420909197e-136, 3.68836698893151e+79,  -1.31777842555916e+72, 4.09615143320405e-218, -7.58845034144884e-26,  NaN, 2.04479470829738e+222, -1.43726831100788e+209, 1.08754399441415e+148,  1.99850564030717e-154, 2.55240863133034e+179, 6.31144801249413e-193,  7.02087994555217e+245, 1.02116320711724e+80, -1.38254466543112e+39,  -4.00888022539605e+130, 1.90234151980206e+268, 5.43993718609397e-272,  Inf, -4.04825097529853e+116, 2.27933285050222e-68, -4.26877255296926e-219,  -4.32147152251759e-235, -2.79515974137381e+249, 1292480137.49613,  1.77144950817559e-25, -2.07824585075125e-143, NaN, -5.56796129606535e+205,  -Inf, 3.15877338056579e+115, -5.21757034328685e-156, Inf, -7.58857500468e-277,  1.96822419340271e+201, -1.27850008120867e+84, 2.36794870456556e-33,  -1.23402870287585e+87, -5.7357152102992e-117, 4.50782458402452e+122,  3.80277735661574e+65, 4.85915972936343e+223, -5.60664906653273e+66,  9.11870991454743e+30, -1.13451637922977, 1.4537721374274e-125,  4.11000666400292e-12, 3.57554964034914e-137, 2.35452202725055e+55,  -3.66468985321868e-91, -5.61147389754838e+69, -4.58636904373198e+283,  0), y = c(-3.58524991848611e+63, Inf, -3.91811613298368e+157,  -6.43805008496711e-83, -2.53704754257186e+292, -Inf, -5.2668912757664e-88,  9.46709506937429e+95, NA, -2.92323422487278e-31, NA, 4.32713420740024e-238,  0), z = c(-1.32421989740389e-206, 4.059066362098e-254, -7.44316096026685e+188,  5.00995913516039e+32, -3.11898674767557e-114, -2.46268175279171e-136,  -1.75811730487889e+40, -2.16314909564262e+200, -6928.77762902128,  -1.77262365606058e-258, -2.84662534244855e-23, -1.84500134476985e-204,  -3.82719054087094e+58, 2.04735712257695e-306, -1.93579466773329e-54,  -1.20627625981549e+112, -6.23182083743783e+248, 3.31424615997125e+32,  -48655951435293728768, -4.97014925997332e+197, 1.22599225432721e+66,  -1.34790645562875e-193, 2.68570887783064e-94, NaN, 2.18355753540287e-28,  NA, 1.42744779169135e+296, 4.47136935755243e+261, -Inf, 6.06201950991569e-81,  1.38980915719186e+293, 2.52719614087238e-284, -8.49459063721399e-96,  5.30342853143559e-183, -2.88299117511752e+257, 9.89075146401493e-26,  6.29704213873744e-296, -2.06160115317469e-89, -1.53621958481096e-304,  5.32280103560042e-267, 1.78985078712908e-137, -2.17426907405947e+268,  2.25090754618536e+133, -5.32092984666632e+299, 1.14524472011727e+117,  -2.92277935873012e+144, -1.31620338008784e-160, 1.72586383627496e+194,  1.22655043642585e+141, -8.94867854797935e-86, Inf, -3.51391612788368e+186,  -Inf), accel_input = c(-1.83239237735207e-102, -5.44276336536616e-211,  -6.75955167444112e-40, -1.52479119309833e+164, -2.59511698911285e+210,  -1.30659935128959e+169, 1.16832778286469e-178, -1.8321358789538e+283,  5.71887565703211e-76, -6.98063151556246e+74, -5.47405227974676e+225,  1.7875566079245e-156, 1.73354219925383e-61, 6.0388381697322e+172,  -1.55126597453789e-37, -3.46226835632025e-98, -4.5980753909861e-175,  4.52173244756291e+34, NA, -1.82735744489759e-37, 2.20822409097156e+72,  -1.96006844987876e-267, 7.45572575587726e-117, -4.48805777266883e-178,  -Inf, Inf, NaN), samp_rate = 43691040L, vector_size = 965044073L,      k1 = -4.13946677028134e-223, k2 = -3.71007670628958e+295,      k3 = 1.4061769035493e-111, ncores = -1755496365L, l_const = -4.95189684683758e-06,      mu1 = 4.49513977947164e-300, mu2 = -1.33142090207326e+23,      kappa_opt = 8.80340302367038e+292, logK = 4.65423890542505e-85,      log_I0_kappa_opt = -1.25002341584222e+182, log_const_vmcos = -1.69915467755826e-87,      mode_1 = -1.98758422395412e+217, mode_2 = -3.81848449929176e-199,      n = -164577095L, unifpropn = -2.97532338484649e+69, vmpropn = -7.72721898928751e-16,      I_upper_bd = -3.90273034706978e-168, log_const_vmsin = -2.76332369871508e-256,      k = 4.2913428360563e+257, mu = 2.13936278438989e-92, d = -6.05151441795718,      m_x = 422912899L, m_y = 1524168640L, m_z = -1644755921L)
result <- do.call(BNSL:::BDeu_cmi,testlist)
str(result)