testlist <- list(max_iter = 1030954402L, mu = c(4.31508149185718e+307, 5.66063891127234e+190,  -1.70118391251726e+137, 6.07352560088487e-129, 9.33307908132448e+123,  -Inf, -2.78435615997202e-179, -6.24080559615446e+81, 1.17101125710682e+194,  -1.49335119920342e-230, 2.92626598254928e+88, -1.57101168865984e+128,  3.07072007463695e-196, -9.33282373806204e+222, -5.89338296134201e+141,  -2.56642267902422e+90, -3.43292443588092e+72, -2.75763809186075e+188,  -1.37131984951364e+128, -1.26231692976995e+304, 2.61975609082696e+212,  -4.10800764909457e-112, -8.50994659474804e+138, -7.36686039812332e-28,  -1.84012844200829e-191, -5.09965351183796e+59, -4.61253934519211e-270,  3.64721440525405e+70, 5.19537983911315e-294, -5.38962376148315e+215,  -3.04676967778241e+196, 6.20233951438816e-247, 8.02886932444589e-302,  -5.62970439309396e+47, 7.57227674827839e-49, -6.96927779025528e+226,  2.06316329427492e-163, -1.49691609796224e+105, -1.84114581738615e-24,  -7.10879576527212e+103, 1.74992093106944e+267, 1.77600432062058e-131,  -5.53312026768847e+270, -2.51593433577082e+124, 8.99417654963242e-184,  -3.38300100000636e-253, 2.42922282347217e-222, 2.81106726820124e+127,  6.10874406491095e-133, -1.12538493815469e+146, 8.28901404389341e+28,  4.82104919070709e-58, -2.6935908521851e-29, 1.76986469164168e-280,  Inf, 2.97284873955486e+32, -3.10951972339172e+243, -6.35701078450615e-245,  -2.81808046098297e-22, 5.84813509715151e-37, -Inf, -2.64480462774024e-214,  2.23520216861413e+27, -9.97880198252338e+100, -815554650751.074,  -1.91519123955934e-78, -1.47086429171039e-11, 2243532516739,  -1.57140210371832e-138, 37912328557.5599, -2.8617153713329e+119,  -2.61594033526845e-79, 7.5635241042058e+91, 1.99389234220936e+190,  NaN, -8.09735899202209e-114, -3.66286203791397e+235, 1.36257585417482e-174,  -8.50298794323936e-130, 3921074306988502, 5.0277530239053e-122,  1.32197005773618e-145, -1.19961185481038e+249, 3.28302557329481e+277,  4.63257057394403e-86, -1.81426648656402e+118, 2.91512570733561e-133,  9.1689614365646e+105, NaN, 7.52020032070355e+98, 2.26915739041303e+102,  -1.11280742386074e+207, 3.16201919271249e+122, 0), pi = c(2.35537553200636e+253,  -4.76544187533565e+285, -5.05042452748518e+148, 1.33463122630695e+286,  1.58248709784312e+86, 4.55837164671846e+149, -1.23995191504831e-123,  7.96377623812231e-125, -5.3772823249062e-119, 1.95826263129364e+166,  -6.29586989476283e-131, 1.57425685554181e-151, -Inf, 8.02921343523001e-119,  -1.08564480230431e+157, -4.26820189223589e+98, -Inf, -3.00418692040766e-22,  -3.50854787135265e+282, 4.27182678391468e-245, -2.88787597640671e-151,  -1.26572169778117e-53, -11546083.3882538, -3.6198679727657e-198,  1.13097358360131e-121, 1.32977983827499e+193, 2.13979260621533e+233,  -6.27319506610416e+302, NaN, 2.93161009168191e+300, 4.55837164671846e+149,  0), sd = c(5.43119803763271e-146, -2.1604414073723e-172, -1.83680910762241e+105,  -6.28446627727556e+70, NA, -7.80333135410265e-90, 4.41063195083933e-106,  -Inf, -9.5431439814151e+73, 1.47041923598236e-269, 91544533429935584,  -1.76226552343075e+69, NA, NaN, 0), tol = 301910796.698618, x = c(-3.54111555580874e-105,  -1.46250636660681e-220, -9.11326353886593e-32, -1.54546678627064e-16,  3.20413139808364e+208, 77949318241685728, -1.34099235120563e-139,  -4.39104823446699e+248, 68546708619716763648, -0.00192770371772706,  9.93227312371267e-248, 5.783383837518e-72, -1.16322203107385e-206,  -2.96954291752471e+188, -1.78355584248617e+282, -1.57513314070835e-265,  -5.51770551787591e-179, 5.1189226979494e-98, 7.85662624354817e-99,  1.46756444502403e-289, -2.44123609579125e+250, 1.14297631390425e-290,  8.77831309950126e-104, 1.4463460191637e-289, 5.83829877386057e+293,  8.72710833555293e+158, -4.87383861223285e-179, 1.64349007907229e-298,  -2.75552667845985e+38, -4.24040101914024e+203, -1.47193073809827e+277,  5.52191200124861e+164, -3.20905584916864e-125, -1.41856393731618e-186,  -9.49804518367961e-117, -9.11004898917946e-54, 9.18836203038185e-132,  -8.49813180926783e-266, 5.19066569196692e+63, -Inf, -4.12743337188704e+188,  -3.65956299281422e-302, 3.94839279256181e-154, 2.96987187163362e-97,  -1.49863589471224e-288, -1.31516277123494e+236, NA, 2.89971473206655e+229,  -1.37826375660107e+20, -1.30384317578549e-247, -Inf, -3.42455086038692e+178,  -4.12746166722393e+131, NA, -1.0653651104992e-256, -9.93594173400576e-183,  4.09032921641123e+54, -1.49674662983259e+64, 9.35667603807266e+31,  -9.15262418887372e-178, 1.04225460079635e+250, 1.236812030056e+150,  -3.44342435118374e+32, 5.02844352577495e-82, -3.21236028554273e-285,  4.84337281999001e+273, -1.73315177120411e+61, 1.88818981308832e+86,  1.55187171130902e-278, -1.69273495381975e-150, 4.07443908860011e-211,  5.09875713705034e-92, -3.79563943473202e-42, 5.39304955790858e-35,  -2.46350864981726e-183, -7.06935885597866e-302, -2.8024873351199e-58,  -1.14321240564039e-149, 5.79494653976953e-236, -5.53470002988478e-250,  3.37032820241273e-269, -5.71129458447803e+79, -1.79208904139927e+290,  9.38545211742169e-59, Inf))
result <- do.call(mixR:::norm_uv,testlist)
str(result)