testlist <- list(pred = c(-2.53774277411337e-34, 1.55282756321845e-78, 1.14984139158587e-300,  1.5585619890042e-168, 1.35320488073244e-114, 5.44006656049691e+98,  4.11646428963221e+220, 4.0578703012359e+202, -3836598.29674379,  -654.14901543677, -1.28709309190614e+230, 5.2401120265964e-226,  -8.0025881768372e-142, NaN, 0.0046677869454644, -9.18910224504347e-159,  -1.11818159919451e-27, -1.24898301578082e+111, -1.02859077372845e+100,  1.74892098225804e-155, 1.43823287096845e-05, 5.22351555283991e+22,  -2.76788466187278e+192, 8.10703479717345e-140, 5.05827371385274e+134,  NaN, -5.50629502703961e+113, -8.99996448225284e-28, -2.28495649939248e+222,  -5.20163737117725e+188, -1.08276708388014e+139, 1.05500258308471e-178,  -1.51677541334759e+250, 75196156517.1532, -2.47528040964336e-228,  8.90622548118741e-188, 1.0085691265258e-179, 3.83213190005094e-273,  4.29668885423264e-45, -5.59983640136347e-297, -Inf, -2.47942351422628e-270,  -1.65392322248354e-210, 1.00566534965643e-150, 2.63043361851334e+268,  -1768213837.58192, -8.00659623365577e+149, 4.23114140531984e-179,  -2158813317737943040, -2.61780918023657e-139, 3.67320844723413e+30,  9.42341939726192e+238, 2.15307001451792e-301, 1.38034269245296e-295,  1.69447588487723e-114, 7.89704934830812e+187, -1.5850998760863e-49,  4.90359463666356e+225, 2.10000929804956e-277, 1.98862160641773e-20,  -3.68316857342046e+173, -3.09220359341121e-235, -7.31412179647571e-147,  -2.4616613354573e-10, -5.12022203848372e+98, 1.16435907887696e-31,  6752.78162821536, -6.2138523638929e-165, Inf, Inf, 4.54646299515387e-167,  1.31480954280075e-156, -5.97681625898413e+275, -1.11045160257792e+275,  2.28124378610282e+239, -1.22312769881183e+40, -8.72363671737646e-73,  -3.58125240164073e-20, 5.54199780385922e+190, -2.50382413282115e-186,  -2.19033706624916e+105, -1.35716025035838e+228, 2.07453816780579e-132,  -1.02172180739557e-19, -1.11266653919617e+161, 3.20933232690374e+224,  0), true_class = c(974775735L, -930757482L, -1737676439L, -1591049368L,  -917287009L, -69809602L, 1630880751L, -1693641002L, 654020078L,  NA, -1095925153L, -687487071L, 1477918804L, -318074290L, 1087716827L,  -497831671L, 1312749519L, -1887639475L, 694856961L, 1886692040L,  -1948115848L, -324024788L, -2080176025L, NA, -127437689L, -480389875L,  -947777993L, -156237694L, -1843594626L, -876500144L, -994855141L,  1814544484L, -1909134222L, -1849589927L, 1133350969L, 1032895439L,  -1380561544L, 2012792891L, -1417718248L, -1508475851L, 1265149916L,  690369900L, -1278826768L, 1449246467L, 386694286L, 88394416L,  -1004484502L, 927309698L, -1387897129L, 1821655839L, 1525223344L,  1271837794L, -617549344L, 1958449208L, -614882542L, -1639803829L,  -1980554507L, -2023352863L, 1327796634L, -213516850L, 1978576618L,  -1455545724L, -1748658379L, 137068945L, 514033317L, 161187417L,  -1072106573L, 1576042963L))
result <- do.call(fbroc:::roc_analysis,testlist)
str(result)