testlist <- list(measure = -427251353L, n_boot = 1646901192L, param = c(6.61263285601572e+24,  -6.2299857336837e+112, 2.64677824575209e-258, -7.07441383460291e-218,  -1.17140497664256e+213, -1.01847839985872e+308, 1.69715517055159e-281,  -1.45351614547518e+74, 7.52038726182845e-58, -2.66761272762003e-201,  -1.0554437520178e+297, -1.08888914860825e+76, 3.0716150572817e+242,  -2.02300062979929e+113, 8.8851022169774e+119, -6.17762654926339e+72,  -1.01652750063422e+213, -8.69269779730512e-308, -3.96013121610435e+268,  NA, -3.78988433367257e+256, 8.1366848839852e-133, -1.79510153782779e+90,  1.9946272706016e+132, -1.46031404308128e-44, -9.73030503329225e-67,  1.12334100246529e-207, 2.03495519618252e+55, -4.55271480021106e-18,  4.59123982963228e+151, -1.39030730738259e+134, 5.77370732197281e+287,  -4.55824769891466e+255, -9.87184504008281e-106, -2.43794425488685e+90,  5.40589102507814e+101, 7.74550249870136e-234, 4.6002734425609e+19,  -3.85695113607288e-171, 1.2815805137043e+177, 3.25370845576402e+183,  7.12189818080522e+184, -1.20199960332441e-114, 1.04271267968069e-190,  -2.91181402396249e-85, 2.08656894421597e-269, 1.18874654330363e+185,  7.35617865137063e-115, 8.68529029506483e+125, 1.03239452434712e+85,  -2.36138415512126e-68, -3.33941134018074e+77, Inf, 8.37761585316029e-128,  8.35337344879187e+210, 4.22863470146273e-299, -1.23720882535394e-185,  -1.00915423351457e-35, 7.35125556982759e+169, 3.37666585356561e+56,  -1.44729170990632e-280, 2.01092022128634e+97, 1.23179239274353e+188,  -1.51727158614088e+96, -2.1306941895843e+140, 7.09352635936744e-223,  4.90831472909682e-265, 8.54293475210474e-265, 3.16687441950468e+97,  2.53873982972406e-106, -5.88214370269624e-271, -1.69632742424896e+226,  2.52020387557802e-282, 4.28782276969004e+269, -1.21463105679225e-137,  NA, 1.00782767169797e-274, -9.3974664387396e-152, 7.74383534414585e+258,  Inf, -4.86158098719725e-244, 1.20883689647071e+54, 2.06782621193663e+84,  3.3936512126435e-71, -4.41025204313218e+218, 5.93208353833926e+59,  -3.74810787060238e+229, -1.19276485147647e+286, 3.19271045553472e-221,  -4.80999616940282e-142, -1.70231098449795e+28, 6.31859606878181e+253,  -1.31715504629181e-269, -6.75964308929081e+107, -2.18464268783653e+85,  -1.81612038022483e+222, 2.13705729484798e-253, 6.74096122103158e-300,  0), pred1 = c(-Inf, 1.73306521221931e-102, -Inf, -3.66921581814414e-31,  8.04719621923238e+229, NaN, -1.37273525985611e+157, -5.81108777025943e-41,  -5.60937390817848e-89, -1.19213201824926e+91, 5.08642505141665e+269,  3.37859319956095e-178, 2.00323047862397e+101, -5.04979562500649e-33,  -1.11772790329177e+300, -1.2455919833379e+30, 1.67643145899484e-273,  3.10682579925765e+178, -5.28632833235845e-08, -4.64803915651215e-120,  9.71661490262076e-88, 1.1637573684548e-164, 1.74269404788952e+137,  -3.05336990913723e-26, -1.04920927789721e+51, -2.23623348323023e-155,  6.77699581710366e-193, -2.16573162730521e+48, -1.08711710733609e-53,  -5.5864283689095e-108, -2.00710381293846e-72, -1.08073413504977e+61,  2.96255777609237e-279, 9.87617950836985e+140, 2.38895556586589e-250,  2.37817939813391e+145, 4.14724793035365e-214, NaN, -3.30437732442712e-95,  -8.36929179531134e+139, 5.03927039704076e-298, 1.481755959736e-292,  6.73379543818243e-47, -6.55931397765264e-158, -4.19035093077924e-139,  1.96111648792552e+296, 3.1127891388786e-160, -Inf, 4.60033079994249e+188,  8.96934391426039e-33, -1.39663427297833e+41, 4.35043373734135e+307,  0.0430943742349144, -1.55637316655667e+55, 2.8145500970998e-99,  4.08346764404739e-135, 8.7139010129044e-215, -3.27065384845019e-202,  -4.78085777267658e-285, 4.62652107691247e+139, -7.20938843868847e+169,  -8.96926474643707e+226, 0), pred2 = c(Inf, 162052.300151019,  -3.31263538206266e+98), true_class = c(1614179134L, -1179256368L,  -1256519043L, 1082395745L, -1000629178L, 1831395430L, -1554405265L,  -2079745820L, -869572567L, -1206138515L, 936634999L, NA, 1383424703L,  -1656609472L, -1681019105L, -699989227L, 1243942403L, 1104638072L,  -1436815615L, 1388846500L, 1031758810L, -1048044707L, 1439333420L,  310395228L))
result <- do.call(fbroc:::get_uncached_perf_paired,testlist)
str(result)