testlist <- list(A_ = c(2.71585672961081e+151, NaN, Inf, NA, 5.06200092262657e+82,  -4.44645417937355e-52, -9.60343385079924e-170, 1.75622088701576e-209,  -3.0274630420351e-62, 1.87075133337255e-164, 2.82459705937873e+209,  1.99231119873432e-207, -1.25636925769469e-146, -Inf, -Inf, 9.58025192480892e+171,  2.69041672072058e-289, -1.87139133670604e-154, -1.97642298807044e+173,  3.88527331099979e-41, 3.04733269968277e+218, 4.38186044263739e-112,  0), b_fixed = structure(c(5.89479587352384e+231, 9.19186624415762e-156,  4.59130458118568e-184, 5.20102637468114e-183, 1.107633062932e+257,  1.09106284527406e-106, 2.92007099166681e+77, 8.87189091076171e-303,  6.73160859288142e+87, 3658684635.91936, 8.33349651335698e+300,  9.06147166981251e-23, 9.3958964482149e-38, 9.51044540651443e-134,  6.78146889976026e+26, 1.29608811051051e-194, 5.22088754985605e-121,  2.53968906211106e+265, 3.71176376434529e+92, 3.33047248903698e-278,  6.71782727990855e-114, 0.000434407745243453, 1.58523667050892e-09,  1.06820127422696e-118, 1.33460794037985e-49, 2.94261721055091e+68,  1.45711211287749e+29, 1.23559796547008e+213, 8.15496450296566e+110,  2.24222137296981e+278, 2.62895411324255e+244, 1.91619225784283e-210,  8.17990786031718e+32, 1.47321724409153e+242, 1.17911114045527e-113,  2.02646180107453e-84, 3.80802994076658e+26, 1.16809613839254e+227,  2.39450578749018e+296, 1.74439774989914e+267, 9.5927667800301e-163,  3.5714063781748e+229, 4.31627019269672e+202, 9.37422700883891e-259,  2.06798611768868e-213, 5.12248845562964e-93, 2.83365015612713e-40,  5.4533046525988e-212, 2.14135781958339e+217, 6.03513824495007e-249,  8.71113735078304e-42, 6.09633764645196e-267, 4.681490768998e+228,  6.27464504143257e+35, 7.741303530108e+117, 4.65762646488037e+190,  1.16419018063896e-275, 6.93465675554334e+248, 286409808815697,  2.27308280308394e-119, 277.442534954057, 1.66142438041678e-233,  3.65372814153473e-127, 7.75106060520726e-256, 6.88384012574288e+196,  1.33642605008011e-232, 8.97006920482073e-54, 3.90861049063594e-202,  1.16159672286759e+150, 3.24572419323496e+47, 1.49445698569095e+175,  1.45012520118729e-88), .Dim = 8:9), cat1 = c(-1.41686797126494e+72,  -6.42143826148976e+136, Inf, -6.36028079282755e+220, -3.02282439766348e+194,  -7.15831816489054e+75, -8.0463562338949e+290, 3.85681780010789e+300,  4.13052203181805e-131, NaN, NA, 6.78269913630497e-300, 2.92520432514805e+57,  2.92500830889549e+51, -8.22845100604047e+59, -3.86837013133714e-265,  -1.45125688466667e+83, 9.25218917253067e-132, 1.18862745467441e-128,  6.65946975750279e-41, -1.923936808265e+216, -9.41658204028425e-242,  4.06581495382835e-117, 2.13950873470959e+114, 1.36262226861056e-291,  1.14532472160074e-101, -7.83285021883066e-163, -2.49793327385312e+231,  5.11822983026588e-55, -4.20266451540788e-38, -1.69181292545026e+308,  8.82638446720195e+37, 1.13396144667914e+278, -3.32799551339249e-189,  -2.30304923473724e-308, -2.30304923473724e-308, 2.6114172688425e+175,  1.95894886738208e-187, -51502485320775852032, -4.60561054364621e-50,  -8.5273931003533e-305, 9.10851287449741e+266, -1.61005408239222e+294,  -7.71363404033668e-143, -4.70308583619316e-30, 5.85799921463213e+294,  -1.39594923111988e+139, -3.10004225901792e+122, 1.04896983296281e+153,  -4.79632311420035e+253, 1.50917742649214e-30, 1.15069306173156e+140,  3.44271001407928e-90, 0), cat2 = c(1.81119130464655e+203, -1.69874923168693e+157,  -2.91171865427233e-126, 1.08737631737106e-243, 6.47416181074734e+66,  -3.40623216910178e+209, -1.76131805345587e-193, -3.21978398833899e-109,  4.16109170059629e+153, 3.25439238763998e+234, -3.40112996801491e-75,  -8.76523449704442e+302, -9.71214502663722e-152, -171708.697428734,  -7.26675369230092e+155, 2799.89580569687, -1.05692577876589e-81,  -1.86039140642787e+107, 1.41922065662286e-47, -1.05627398210641e+155,  1.03695221261641e-87, 4.27842399242275e+203, 9.71088393227742e+273,  -3.77622101620522e+150, 6.48723070557401e-271, -6.19964923499614e+264,  -2.11509417885443e+68, -1.53189963072383e+256, -Inf, 2.45320248605728e+20,  1.50050366011739e-93, 4.82821633393873e-302, 1.09529782236521e+121,  -2.37572399606445e-180, 9.60623006831861e-185, 1.19591257075028e+246,  1.74310757128325e+90, 3.07103694263911e+164, -3.65909108894455e-219,  -3.53081570934322e+149, -1.04123152394557e+72, -4.16947445358967e+45,  -2.2265203643464e+97, -1.47640182635304e+240, -6.39340339740868e+212,  -3.77000648159971e-79, -5.34276544817999e-46, -6.35396047520439e+146,  78589478446.9157, 2.69116117318982e-86, -3.78225166387929e+251,  -2.40751515047627e-80, -4.8521204887679e-206, -8.00131588526442e+163,  -2.476838643531e-234, 1.37631189433715e+247, -3.19845261035621e-118,  6.39358046572087e+290, 7.36560212370404e+255, -8.34843787647846e-42,  -3.1155106354421e+243, -2.05358475772963e-221, -5.80412723859656e-20,  -2.55073320607592e-50, 7.25695260267365e+70, Inf, 1.83529784618192e+98,  5.05334215275272e-196, -9.37651911241893e+192, 7.43062789486494e-168,  -3.56851941735192e-66, -1.27365208726296e-90, -1.58396749430456e+258,  -1.05705826947971e-17, 6.02263794461763, -1.8312761505165e+192,  -2.93066551435176e+179, -1.71465643990206e+122, -7.01762827368261e+111,  1.14544879685501e-289, 5.32020207472817e+142, 1.105446405447e-210,  -Inf, 1.02948380308841e+34, 7.67700643657189e+289, -2.77097527726138e-122,  -2.47722594360656e-267, 6.80354429387368e+44, -9.15280674076939e+264,  2.00873937502791e-129, 7.60914422850079e+152, 1.79118780210192e-196,  -1.14478267012415e-16, 1.04160879531232e+245, 2.23998376777881e+25,  3.6460827479893e+278, 3.33262442967782e-14, -6.79766999323227e+52,  -2.99516208947696e+299, 0), h1 = 3.00075395822361e+208, h2 = -5.65118115658275e+210,      item10 = c(1.74494898839152e-140, -3.12991033358777e+285,      -1.56824250870687e+300, -2.18388552302733e+115, 1.52250481173013e+25,      3.23523495215203e+255, -2.46824395385065e+259, -4.07124360183479e-56,      -3.94052868708767e-252, -2.68163644137983e-173, -Inf, -5.18274298076944e+244,      -3.38496429250027e-176, -237444611734349824, 1.64701172443419e+166,      -5.95744824373628e+62, -1.43334114267845e+32, 3.53207900808962e-156,      NaN, -4.8466149069256e+248, -1.00195267374975e+193, 1.22173869927979e-126,      -2.09486741557972e-16, 1.09996902122302e-204, -2.43515269905672e-251,      -9.67158782789832e-159, 8.32479120018579e-167, 5.05676244124271e+217,      -2.92180402703733e+31, -1003190365.5448, 1.23255162657332e-229,      4.04926477950245e+141, 1.72235848289628e-201, 1.27713875103551e+203,      1.31783861459754e+146, 4.29997218081449e+111, -2.66476139410566e+248,      -2.21510912444374e-104, 4.68070933787435e+283, 2.61175735915539e-224,      3.50225191293646e+241, -3913105.26908526, -5.42494650164912e+128,      9.15180705549478e-290, 1.62022089489781e-40, -4.0044280702402e+222,      -1.16340130943961e-243, -7.75522545799167e+206, -3.24350716398727e+151,      -6.14359678508211e-35, 6.49242421094193e+162, 1.13352149917997e-51,      0.000908531915012394, -34338691529.3916, -5.21858014993723e-34,      -2.41075831863867e-200, -8.44210671345603e-123, -7.45209658311179e-142,      1.86244595262205e-218, 1.97147205804601e+234, -3.83643867568914e+72,      -1.10582610281419e+171, -7.89863755610455e-197, 1.32714876808546e-157,      -1.1225791310615e-166, 1.45557329265896e+143, -9.23380659965831e-96,      Inf, 7.50220749111296e+68, NA, 4.19805068319267e+111, -5.97636171888698e+30,      3.95947276916787e+285, 0),