testlist <- list(data = structure(c(2.54173620822426e+113, 1.11238894823175e+70,  1.71062343672179e+116, 7.31966157953264e+127, 3.45541252443353e+240,  2.73024747864797e-181, 1.69378677893383e+289, 1.16380291520724e-156,  8.58703335315346e+144, 2.95256720979107e-164, 7.97780772892404e-150,  3.70308019874909e-59, 2.29738507724485e+43, 9.37991717366565e+131,  7.22734801257341e-307, 7.46542820318452e-160, 6.36400602092365e-172,  4.28040826819561e-136, 9.9766487525176e+29, 7.45973216996917e+33,  3.9670032584296e+30, 2.54458535144337e+250, 3.10834188505168e-143,  1.50145653414527e+113, 5.69774028445666e-161, 1.29180693604358e-154,  9.73908721475338e-53, 2.12791043177653e-67, 4.51204097522276e-16,  9.89003905261971e+29, 8.12223705881074e+302, 2.46798413762014e-298,  3.62005214004244e+278, 2.32669415117938e-282, 4.22728873406116e+175,  4.45031380235436e+52, 3.19323753796355e+279, 2.96690786742645e+224,  2.23605836274435e-184, 4.0137212219359e-294, 1.09528781969095e-134,  1.11569592896787e+61), .Dim = 6:7), mu = c(3.7061587304978e-78,  2.40065916940731e+97, 1.25180847964148e-166, -2.52019261052814e+68,  9.12488746866283e+131, -8.32850390031725e+226, -3.9581958785076e+148,  -6.19311687122138e-293, -4.87499200503008e-115, 4.03603909142081e-150,  NA, 1.92156300967149e-144, 3.6341680385971e+216, 1.64934960667096e+66,  -1.58737963920164e+47, 1.15412548157954e+108, -3.30714986064262e-189,  9.15817585908189e-262, Inf, -2.36021348790393e+36, 2.82905319358741e+22,  -1.73689774143284e+177, 1.6885904382313e-136, -1.05009657914775e+124,  -6.9658410097799e+277, 9.12488746866283e+131, 3.73209942648666e+20,  1.84100534372602e-202, -2.40875586425926e-306, 2.5515576889306e-98,  1.41701424820372e+190, 4.26557678326058e-129, 8.89698323524892e-100,  5.16042369081122e+120, -3.52478642322811e-174, -1.32822234688583e-38,  1.33615931858001e-131, 6.64477893087629e-109, 6.62986754180577e+103,  2.9057193197458e-106, 2.63547672814313e-101, 2.58449528550117e-59,  3.44842102216026e-97, -1.93423652786098e-263, 3.16637659705647e-25,  -7.16734570348553e-156, 3.1590360164786e-23, 2.27184311753301e+88,  NA), sd = c(-1.56036946904863e+100, 6.29495766500468e+300, 1.30862512672508e-178,  1.16902711414827e-184, -1.51471106430968e-144, 1.96407820697404e+105,  6.36475965983845e-45, -4.07305541309767e-293, NaN, NA, 3.42430392946003e-191,  2.51121932729705e-96, 2.04640720489919e-245, -7.06217059633619e-252,  6.88606888347676e-07, 9.38158972426397e-70, -Inf, Inf, Inf, 6.59185502643077e-237,  -5.14038792956059e-110, 2.42091217052265e-84, 8.60528927273454e+21,  0))
result <- do.call(mixR:::exnorm,testlist)
str(result)