testlist <- list(alpha = c(-3.19868199272117e-152, 9.01759077219456e+269,  1.38132470505271e+189, 4.87533065195373e-255, 6.4658697437712e+299,  7.95413582065576e+131, -1.00073342069585e+287), delta = c(2.83602878888788e-297,  -1.98930457839543e-261, 2.13949373460106e-164, -4.79179973593805e+94,  -2.01832866513943e-152, 1.0998332330175e+170, 1.70608367167765e-283,  NaN, -1.2777370772529e+233, 1.47513872601536e+225, -7.70547222174172e-186,  4.31937590695306e+44, -3.05036832062568e-68, 88775575292.5585,  NaN, -7.59971530438254e-306, -5.85456584195652e+131, -7.83899978501497e-36,  -7.83106778346988e-286, -1.76009762753531e+200, 2.64843438069405e+90,  -34459278029654.1, -0.446687304275524, 2.16442014728664e-262,  NaN, -3.07576115455347e-49, -1.59759757025715e+23, 3.28360228405679e-281,  6.25699227270679e-183, 1.21801088170872e+154, 3.52238076261922e+288,  -1.00787819041553e-224, -2.00761917074328e+172, -13.5155776472424,  2.63794429743078e+74, -3.23264334093384e+62, 2608914313291394560,  -7.67695644742142e+186, 7.5984819528356e-74, -3.27740689651986e+110,  4.66203288126125e+181, -8.41547000993116e-53, -2.84800742147084e+87,  1.89658857382038e-203, 2.85297738762105e+134, 1.18824223839425e-272,  -2.25913678987833e+205, 2.38002971424914e+100, 2.6987987248233e-69,  -1.38980303156977e-148, -2.36293126965176e+65, -5.92225024242248e-309,  1.34142785969278e+39, -9.25226565658269e-302, 1.59985820498586e-68,  3.77480742578495e-175, -8.04000459551835e+194, 8.44802877841776e+298,  NA, 1.30784139134738e+171, NA, 1.98573778629836e-275, -6.82597409378113e-181,  4.50403538902426e+113, -8.01110757646063e-16, -3.49089732767235e+187,  -6.17445011468705e-20, 7.21016202916795e-125, 5.04181441263028e+241,  -7.39841346131491e+56, 1.76533980031654e+134, -8.47013629522436e-273,  Inf, -3.58575803097596e-297, -2.39080431366519e-182, -3.60056079316802e+138,  0), dtime = c(5.2410775155028e-118, -30883170442827423744, 2.01316690169769e-209,  -7.18923027662418e-155, 8.03583537971706e-241, -1.33820533643905e+63,  -5.4155903762936e+156, -2.30752834824478e+261, 3.1542161977728e+84,  -3.72183930756279e-129, 6.54168214810125e+73, 3.73656643007676e+138,  -5.71213217707006e+187, -1.29574937268231e+212, -2.77058189260118e-29,  8.62191586709886e-194, -5.09042695070302e-110, -3.45193026278311e+44,  -2.11452703611125e-76, -7.95213852460129e-143, -1.15541923078645e+112,  1.12936295187619e-169, 1.8292931831502e-65, 1.63279797354333e+135,  1.41608123117205e-276, -3.81090666915336e+65, 1.36600810009539e+281,  -1.06794222358144e+197, 1.25690837692473e-144, 2.94980178460674e+178,  4.70745471373091e+268, 576656230284.52, -7.19983242345361e-133,  6.02030857894279e+250, -6.22108655137266e+272, -2.11921590636165e+85,  -1.62929348291494e+63, 2.97473643890528e-162, 1.38686401330663e+242,  1.35821547567478e+166, 2.33043825127844e-248, 5053395844987.44,  -7.91953784090027e+194, 5.11639471989435e-144, -2.33801983216938e-198,  -1.4998920250016e-10, 4.32397112202645e+216, -1.06934737737141e+213,  -9.43147286550272e-93, -3.03937140696458e+176, -6.48737466866726e-106,  5.4545912149048e-152, -1.49013040741336e-270, 1.33233599427472e-306,  2.634957758912e+131, -4.5035041676594e-150, -5.65161916886205e-264,  -1.14239874383002e+36, -8.10242751598688e+208, -1.11251219905271e-275,  5.63611898962895e+298, 8.98834942688884e+132, -6.81615275006622e+140,  1.77934977176369e+285, 1.27517491309844e-122, 2.21466338399141e+23,  -7.4120283993724e-200, 4.07837916520639e-07, 49162.9299781356,  -3.71916909464789e-209, 9.7954493174521e+249, 1.32364259065054e-46,  1.94760736624855e+93, -4.45843171260709e+272, 4.34810076714272e+52,  1.26004873944341e+76, 7.16631376181137e+32, 1.26317915276536e+169,  6.76244126652507e+200, -2.69306363947724e-207, -2.4816834378776e-52,  -3.64335040749596e+108, 3.37575625489579e-242, -921726004805.84,  3.67146004111885e+231, -3.26709624179781e-80, 4.1381402965908e+78,  1.77095283448148e-189, -1.08953751927528e-16, 7.19999296703303e+180,  4.85151323270548e-284, -7.66397886037251e+71, -2.6187894528261e+117,  -2.60888814227924e+35, -1.08973927760065e-134, 9.41715899466892e-181 ), fam_group = c(2.79236147670686e-196, 1.26379330258632e+187,  1.42068194191949e+49, 2.58035513749295e-206, 3.02005550013883e-260,  -9.9122759758109e-57, -1.64035674249925e-118, 1.05390745649826e+182,  8.05606797801028e-38, -3.84354256622327e+136, 2.36081589563427e-100,  3.01724164497879e-124, 9.57301250646523e+229, -7.99809293195875e-243,  3.06030363511005e-110, 3.27695505950329e-93, -2.10373847983487e+36,  -5.29514598795293e-20, 9.81127061830259e+30, -3403.88378037291,  -364839.827923978, -8.45393891276032e+179, -4.53552102535884e+269,  3.95634524110619e-268, 8.72400335545415e-16, 7.84869121851595e-78,  7.10345658387002e+183, 6.87082786328043e-155, -6.90558603588891e+64,  1.10258217566985e+184, 1.69525406917008e-11, -3.2200871813294e+207,  1.87678984938135e-179, 7.6026610522376e-52, -3.18940703770689e-67,  -4.07827651100228e-125, 1.24680700116839e+68, -2.75820195448307e-295,  5.67556876054047e+224, -3.54964583317729e-194, 1.60096399571375e-198,  4.16403222004086e-243, 1.67598413281535e+109, -2.35867586410091e+145,  4.45587038472864e-209, 3.27437460602372e+270, 1.99018496701793e+90,  7.3743152627684e-288, 3.21584708469381e+236, -4.62773240474319e+76,  50002022.6447766, -6.90295806583465e+295, -6.94996635625781e+150,  -6.24894289801879e+226, -5.38464246327419e+306, 9.22390348570428e-177,  -5.22812133068865e-276), g = c(-4.22283927936408e-160, -4.29610796168863e+292,  2.4151116327419e+141, 2.39220599159882e-260, -2.63020150140373e+209,  -3.13730904416864e-201, -3.56564348450357e-23, -5.95431733840268e+32,  5.07809454632867e-273, 3.44656156435283e+89, -6.58986463294797e+87,  1.41400711513125e+181, -1.15730737968223e+226, -20.3862592496968,  5.36097018690311e+59, -4.47184125688752e+135, -1.21534743539163e+235,  6.09660497878401e-114, -7.01169941139523e+75, 1.48335630653042e-203,  -3.46157324947778e+196, 1.23690498829841e-258, -8.06989810815167e+194,  4.78011229129845e-206, 3.28274198825578e-211, 1.99630063667465e+264,  9.97330802218182e-55, NaN, -1.39489603339227e-121, -1.18753905259184e-182,  6.54618640423988e-275, 1.70465133969076e-195, 6.07424756875216e-11,  -4.56215772013416e+213, -3.88825674863904e-241, 8.04727957220413e+276,  -5.59148515618518e+91, 1.65574002052348e+116, -5.4194785843156e-49,  -3.58798508703728e+166, 6.99940863271688e+31, 2.53326736916585e+168,  -6.06122773317134e+108, -2.11104107021845e+41, 2.13290128157176e+26,  -4.84938111604225e-225, -1.19307010097495e+132, 2.59936748545634e-124,  -1.05200323781568e+237, -4.94341146151225e-148, 3.11640531039122e-217,  -2.51762043319986e-200, -3.71514499962965e+228, -1.21028264037918e+279,  28395638.5061109), lower = 8.32104168662766e-38, upper = -2.88908508493329e+73,      var = 1.37795694561054e+292)
result <- do.call(lclGWAS:::betaEst,testlist)
str(result)