testlist <- list(lats = c(1.30982429797201e-262, 5.5576032475823e-47, 1.43097920040081e-169,  -1.53299568375599e+140, 6.08446499146057e-111, -2.66875243978678e+182,  2.24483641522592e+228, -1.15634047099476e-26, -5.68368674002101e-05,  5.79099074871367e-238, -3.59674559636617e+109, -1.10851266722761e+212,  2.80340289399599e-137, -6.59414494691407e-118, -1.29541155251127e-216,  2.47633568937068e-281, 1.11290296142843e-293, -3.54622968501885e-19,  3.9978015004986e+222, 1.59420018990077e-65, 1.44351212403656e-165,  3.95047421741723e+292, -2.49105295764559e-228, 1.1102519419152e-216,  -1.22154397792848e+124, -4.68556285583746e-185, 8.59467966743377e-181,  -1.76564624274405e+160, 2.86367507155016e-64, -2.81771107169533e+162,  -6.3668895648503e-40, 6.53188918018982e-09, 6.81962609358148e+22,  -4.04069268084235e+104, -1.44752943018133e+132, 1.78560920237287e+59,  -1.13193383188602e-90, -3.36101065687183e+21, 1.78877774410503e+111,  -5.33433295156146e+94, 5.81762114824232e+76, 3.63743550610193e+169,  NA, -6.05253867457107e-153, 9.76571934034977e-98, 6.81019929664589e-136,  -1.79695036301634e+106, -2.73434780602409e-141, -3.25707673836053e+285,  -2.13396739013705e-98, 4.32291622761837e-296, 1.5842718830605e+234,  3.88558074004412e-122, 7.45478950999397e+55, 2.1434073105012e-274,  -2.76644403085846e-175, 8.10356881335717e+52, 2.47854229567676e+246,  3.58267582989698e+282, 15077625847367, 1.34082673166872e+129,  NA, 7.37751488361285e-262, 2.49012796360105e+275, 0), longs = c(4.73036600812439e+29,  -2.30102835661723e+129, -1.96680584450125e+288, -1.24994767408924e+263,  6.333046015742e+77, -1.62837044678081e+275, NaN, 1.38838105110427e+139,  3.15252555281812e-76, 3.48983338112104e+192, 2.04509330684932e-290,  -1.05210155465987e+183, 1.03132472901164e-101, 3.79581953542703e-102,  -4.52835867672286e-284, -2.50105188892739e+266, -1.70728621229668e-228,  5.84382020754726e-130, 1.51922037740905e-305, NA, 3.5699566936925e+286,  1.69247870506104e-98, -4.94112128055495e-280, -1.41101068174907e-215,  1.30409321246872e+246, -5.68209075759726e-49, -9.70970883941255e+82,  1.23690567459136e+26, 3.48853875506587e-292, 3.83887175232196e+144,  4.30135274309123e-213, -2.6659296684224e+237, 7.03555825477325e-84,  -2.63680483823527e+284, -8.18542652950675e+304, 3.28640093081497e+41,  2.47858346060862e+300, 4.36356016866992e-231, -1.24303419024211e+170,  -2.25920436597141e-168, -1.82110371173158e-49, 9.58291126313721e-160,  7.0251087956695e-107, -2.41009540982118e+264, 3.65362101520464e+123,  5.62287672835556e+222, 9.26196628987636e-304, 5.45920960159039e+135,  -2.99789256224371e-248, 3.74198845455114e-183, -1.57365307231667e-267,  7.41176179560844e+185, -1.50792362378032e+117, 3.59320668031903e-266,  774079344974126208, 6.67123982021348e-217, -1.85325739938149e-127,  -2.67748095378221e-103, 7.68876475629942e-109, 8.86450845053053e-266,  NaN, -Inf, 1.03647772824352e-45, -8.8808061720648e+28, -5.33700329076227e-05,  4.86473240420916e+150, 2.32378508413922e-132, 8.35397875479539e-64,  7.25864879227799e-132, -2.13200693840893e-243, -3.48490641091881e-252,  -5.62927677779906e-280, 0), olcs = c("ygzmywbfaqjotziwqgko",  "dcgyhnuxdjzbsydczsaq", NA, "hqzveuycxnimouiiovgl", NA, NA, "vamaeiizebdajivdletd",  "kdjdtgrnwjkkoblbqpwi", NA, NA, "hqmxupasdafbxpbpld", NA, NA,  "highfhiwtangbyafjqli", "etiymwjynijelrzuewjx", "cfbeygoezzhwmmqne",  NA, NA, NA, NA, "hudom", "ekagiekpsvxhgwylhsiq", "hikjsmgcciztiupqqgug",  "ytqmpdpmulqpmrwpjdcm", "pvelqddqyifybwdksydy", "cvrzvnsrfhdxserhldxs",  "jsyv", "iauq", NA, NA, "coygbxtjcnbquufjhcdr", "kcleqkcibue",  "ekzsijidmhed", "sjitmsfqkklgceswbiyl", NA, "zhlzhuxoimqovrmawhmn",  "wfzjrjjvkmlkbyidgxyg", "cbzfzeecqvumwdrrvdzs", "edpeflqsfwiejwvnvhzw",  NA, "zdrqjwatzfckphmwst", "ltcohvmyranddhhwy", "hwkiym", NA,  NA, "qodwadgnczyurjzcxwfr", "qabjw", NA, "ccgpzjratacrrarblzmm",  "vrr", "basufb", "hjceupf", NA, "zonhelctbljsjffnctjd", NA, "exfnbdgig",  NA, NA, "itrjcxsyztqxkhmirhhu", NA, "crgbqdazqshrniqgsn", "b",  NA))
result <- do.call(olctools::recover_olc,testlist)
str(result)