testlist <- list(proc = -1264669460L, x = c(1.93941393984246e-184, -5.21758303872751e-50,  -4.37608199998742e-22, 1.22440648461869e-194, -3.0063157004092e-214,  -2.29865852962946e+285, -8.55494919349094e+150, -3.36256563910601e+264,  -1.43067060152105e+180, -2.2445310767385e-40, -1.76882953342969e-35,  6.50424870260791e+286, NA, 3.87474438481847e+218, 1.76089746969298e+55,  -1.74719448453679e-281, -1.48956986160029e-181, 9.53984776704421e+277,  -Inf, -Inf, -2.85760060728354e+151, 1.94028689327202e-53, 9.26421117206311e-154,  -1.16789480826859e-108, Inf, -1.60550748897989e+71, 3.82535983807041e-240,  -22314780.7351069, 1.03627350533776e-165, -7.61897068802863e-155,  3.02401565008915e-27, 3.67000682009726e+104, 4.93058411312386e+174,  -4.17986889971782e-175, 4.11546118299154e+119, -1.28916526721654e-128,  1.06006747311206e+263, 4.03670638881184e+36, 1.98158639253712e+301,  1.81998785404666e+93, -6.60511284438174e-41, 1.45681344383024e-63,  -4.07711875390216e-101, 3.55636365024224e-181, 1.27383826910586e-268,  -1.05212171935146e+90, NaN, 0), y = c(-2.83552869293564e+184,  1.5682971583793e-256, 8.14058164663762e+129, 3.19325974630238e+109,  -3.3700283555408e+240, 3.67368583525349e-106, 4.73451796668363e+156,  -1.13307918172752e-156, 2.37089181439393e-256, 4.18888469132726e-153,  8.0332115220432e-55, -1.26800885497946e+218, 1.06312198682871e-95,  -2.06578423111287e+52, 1.20945416882903e+33, -4.27678006778116e-43,  -Inf, 9.17975726578926e+98, 3.23437694893651e+139, -1.99377471099374e-39,  2.65095765349909e-06, -1.46689034064042e-195, -Inf, NaN, 4.39511848406203e+212,  2.10957074195009e+212, 3.38206629369746e-74, 5.35757919366476e-233,  3.35163177346411e+224, -1.09472759387153e-145, 1.65280277987198e-74,  1.64654419741645e+164, -1.71482150808069e+163, -4.14308845408512e-116,  -5.0104622700025e+256, -3.54507816728992e+252, 2.19007710836487e-180,  -2.16658124231998e+87, 4.93717496695043e-262, 9.72634814517973e+205,  6.84524731447328e-211, Inf, 6.54751528555058e-277, -1.44285497046208e-179,  7.61067201735663e+302, -4.72589813915745e-210, 1.50910246431527e-275,  -3.24878508677457e-137, 4.78691396693061e+69, -1.61395897459982e+101,  1.72415705869221e-146, 3.40999989883785e+173, 7.42107615577157e-274,  1.74200009853637e-194, 9.52509085597843e-129, -6.68360463881504e+289,  3.16827584213918e+247, 4.3930679620608e+289, -3.08899128592278e-70,  3.17811346292176e-93, 1.69769488058941e-200, 4.75585425970161e-29,  -2.48438977782829e-73, -6.58495531942707e-60, 4.80669074165835e+205,  -7.21098444210186e+62, -1.29659098691171e-32, -3.70944564669373e-60,  3.04818363938001e+189, 1.85956707356867e-177, 5.64420730171415e-130,  8.82716398382032e-201, 2.60298408661279e-136, -3.49645375461456e+57,  6.222807684598e+227, -4.9561655340939e+66, 1.25976949446193e+197,  7.41107480269154e+61, -1.02788003364321e+28, 0), z = c(-1.93283348990078e+121,  1.05361641820236e-101, 5.91004720056311e-55, Inf, -5.24384720437898e-245,  -2.0533294023382e-228, -1.36721846878945e+192, 1.51010413016411e+98,  1.17162322259461e+130, -1.82412879823091e+78, 2.04605212346775e-72,  5.19452880555276e+161, 4.27199674461376e-222, -9.83286075435306e-178,  5.49542520234692e+156, -7.45073880582782e-73, 2.56771841739509e-287,  -Inf, -6.75965017447657e-244, 7.47435391643635e+100, -Inf))
result <- do.call(BNSL::cmi,testlist)
str(result)