testlist <- list(ct = 715137529L, design1 = c(-2.94034311491954e-89, -1.10766329147117e+218,  -5.77261406657278e+206, -6.11871847532238e+278, -5.22287401127295e+91,  -3.38944908187214e+82, 1.76349423555288e+157, 2.29179552013443e-39,  -2.87171047652439e-18, -4.63430346876023e+27, -8.6559016970946e-103,  -2.13130660173351e-216, 7.1551074616782e+47, -1.61355850464273e+274,  -1.88125744914441e-107, 3.90773524744229e+175, 9.4399811736327e-247,  2.72681110169743e-290, 9.20571719208027e-33, 1.16804610861993e-262,  -1.78029054076674e-146, 5.75767198699398e-158, -4.46798908371862e-203,  3.10346455260482e-12, 1.08147706672567e-243, -3.6415128088704e-47,  -1.27753822871114e+231, 4.69558771078133e+110, -2.18763047774841e-107,  -4.80530123831646e-07, -2.28234727705936e-115, -2.61873572277952e-63,  1.53598838481115e+289, 2.32281719354154e-213, 2.13482811064434e+299,  -2.34805944508761e-129, 1.83602717133234e-65, -6.19733011441414e+268,  9.9898214435904e+169, -4.56544436274988e-250, -1.35196670411217e+67,  2.05884250878597e-261, -6.57866325828343e-246, -2.99930824883149e+184,  -1.26984951468573e+35, 1.63959623759277e-160, -5.50711269846502e+129,  -7.2324543606648e-262, 7.50428484358558e+87, -9.01716993660538e+177,  1.2405854442512e-136, -2.62539140213306e-194, -6.45499967711557e-10,  1.25002767284144e-57, 1.28820791111949e+239, 1.15949188678109e-117,  -6.48647820069293e+80, -4.37744757333407e-164, -1.17429080357994e+185,  5.80625313550006e+291, 4.27334378458999e-73, -5.95672532616941e-171,  3.32150515169306e+240, -2.90549895903465e-35, -0.000105759124338268,  6.33952435623554e-13, -4.73661064594262e-79, 1.55550156148045e+251,  3.64960216823639e+53, 1.74329450257232e-265, 4.89754019373027e-102,  -1.94671047587981e-281, 5.41616674756926e-191, 5.32254231696462e+196,  3.11790163592035e+175, 7.94599292694681e-268, -1.9793859953325e+139,  4.31753527824849e+190), design2 = structure(c(2.42922177041496e-70,  2.82922164963621e-72, 9.03723357730862e+190, 5.64163917323008e-129,  1.77811584749016e+172, 8312753194741178368, 3.47617852484866e-57,  1.15919797231378e-295, 2.04366625288737e+287, 1.03282288233076e-61,  1.81208460272322e+254, 1.41774586066749e-93, 4.83916956622105e-29,  6.18001838711782e+155, 9.38479241482494e+223, 1.98344708955031e+295,  1.77710730221395e+66, 7.46456219235718e+239, 52.6684304378225,  4.98945349142192e-101, 1.62832739237497e-170), .Dim = c(3L, 7L )), i1 = -1859384058L, i2 = 603320311L, theta = c(3.29297745838948e-206,  -4.19244198605618e-268, -3.21207175862062e+41, 5.43304024526764e-44,  115510.806622777, 5.4291719648809e+168, 8.14607302426016e-153,  -1.62993947799932e-229, -Inf, 6.95629149409308e-34, -1.20230912107011e-203,  7.40203894616918e-277, -1.80018765541173e-16, 5.69133207100477e-282,  -4.34941020825179e+192, -4.22208472389602e-202, -1.71399893818059e-251,  -5.00568325504895e+267, -1.6129171245576e-57, 2.23011848901066e-07,  -1.74209120661307e-27, 8.57934508880143e+169, -32390644618108868,  -2.17278921611412e-300, -6.83423070561292e+149, -4.63958294735641e+226,  1.03852832890433e-17, 2.09306781791971e-300, -2.76144505654312e-11,  1.26428074276538e-238, 1.22117055661005e-74, 6.58762312951545e-07,  -2.46294173926685e+244, 1.32444410486894e+106, -6.96551721641706e+286,  1.15706299487532e-132, 1.34032929173768e-31, 2.68425946596938e+190,  1.76136002399037e-301, -1.96899534356603e-129, -2.46524926538283e+54,  7.67695887572666e-42, 1.60471096741728e+159, -2.59021283721964e-162,  1.43385050602573e-107, -1.00214101803309e-140, 1.99102180241517e-114,  1.56090836561408e+114, 2.34346975528836e+50, -16677070.435736,  -8.26211170275637e-230, 1.40261307754556e+234, -8.71421289296415e-165,  6.61874121521314e-268, -5.94784566631457e+294, 6.27956429195764e+235,  2.79147904950194e-43, 2.56430537397676e+21, 1.62231858114663e-112,  23084067110.9802, -Inf, -1.08817785039314e-48, 1.61530011617187e+277,  -1.93829922110646e-130, -2.43921514663945e+212, -7.48978273388114e-165,  -9.7746942711209e-272, 3.88260620139486e+42, 1.83391035507023e-07,  NaN, -9.83636982930964e+50, 3.03775293337956e-178, -4.92007216292352e+290,  4.88171091914849e+271, -1.22752917599229e-236, 3.61903943983426e+120,  3.34731831088753e+93, -2.88202113200233e-194, -7.69472885491758e+278,  -6.07131943397126e-80, -6.09060661381167e+186, -8.83323238590927e-221,  4.86182414056207e+30, -Inf, -1.51381770104536e-230, 4.91183024476623e+266,  -1.54931090655724e-70, -3.38348194642467e-272, -2.64966929362608e-233,  Inf, 1.25677673265455e+175, 0))
result <- do.call(activegp:::grad_W_kappa_ij2_w2,testlist)
str(result)