testlist <- list(x1 = c(2.36036465981178e+20, 8.14581275541591e+144, 2.02580670321597e-171,  1.07673256852478e-200, -8.74606985921876e-158, 4.56089784976915e-228,  -6.72418719321777e+284, 1.40886548907102e-235, -1.88358050018461e+61,  2.75766346345641e-32, 1.1605195422548e+200, -1.60615675983246e+239,  -2.6445712123167e-197, 3.05885200652716e-43, -25480099968074.2,  -7568901819545061, -27258366432170596, -9.47788413007935e+47,  -1.12525476611632e-104, 9.5019420171848e-142, 1.60442092080872e+236,  Inf, -1.36488674587335e-43, -5.87754938932954e-267, 157.742913601069,  6.36945563929786e-183, 8.40321484166388e+242, 7.76013140749287e-19,  -2.16150783037207e+261, 8.64551143250644e+282, 1.51495987609926e-131,  NA, -1.80130804883767e+36, -40876758061.0589, 490092231746643,  -3.25566704790114e-200, -7.66034064628314e+84, Inf, -9.68573739295516e+129,  -1.76995021063268e+188, 3.84440803990285e+76, -1.11793368379129e+64,  -6.36487434386552e+128, 7.78407178978263e-92, 4.20992359175008e-172,  -1.12575332150282e+251, 3.28185568138637e-79, -3.8615319354564e-169,  -2.20411913917428e-279, 6.20596819585897e+166, -0.00483683966992551,  7.35184405763723e-205, 4.66437907628569e+223, 1.54887906015792e+128,  1791144737243.56, 1.22806547775223e-77, -6.59483422554363e-224,  3.55253776821723e-97, 1.48922340594604e+187, -1.53394954335778e-62,  3.88503442345893e-169, -7.03728690921913e+286, NA, -1.35106754233803e+129,  1.71784028313202e-106, 3.79113412523439e+81, -2.60215314443573e+300,  -5.17505023999487e+187, 1.24546821121043e+37, 1.4099716339013e+255,  1.121935196708e+232, 1.09866602127875e+110, -1.79229656438172e-105,  -2.21381281479901e+92, -5.45691415626764e+185, Inf, 1.14907176873805e+39,  -8.19774621967094e-253, -6.49211913574143e+44, -2.84655856995788e-109,  -2.2966300031198e-175, 7.23734164079755e+170, 6.69163813105244e-30,  -2.3395205161792e+131, -3.5151954203382e-38, 6.40055957714974e-306,  3.2636439419828e-13, 1.56223239294275e+240, 0), x2 = c(1.48081953446812e+65,  4611255098901036032, 2.03810042079833e+45, -5.75981830820121e+196,  1.3407652181519e-221, NA, -4.7885414009271e+247, 9.63073585594173e+155,  1.91081199324145e+131, 1.16844910729031e-12, 8.99749116553714e-180,  1.66212102470145e-84, -4.08432584832632e-212, -8.09791803713669e-86,  1.60715983050774e+90, 1.35212604271367e-225, -3.01180615432877e+126,  -2.74757997583975e-112, -6.29186751519505e-81, 1.0411699616154e+285,  -1.16246768950379e+94, 3.3744777660694e-54, -1.6371063504844e+256,  1.61630534007701e+248, 4.02684180989722e-287, 2.294803489104e-296,  2.98348159797054e+144, 2.8889385409452e-266, 30.1421391174348,  -3.8474063137264e-296, 2.69088616301151e-186, -8.74942800067169e+223,  -7.46527054602287e+32, 1.575465901643e+187, -Inf, -6.20136152943141e-212,  4.77803561654617e+279, 2.13809023041177e+121, -3.46819619234473e+306,  -2.72011961740998e+154, 4.32764684113912e-142, -0.000183043164206867,  -2.92291260449322e+149, -1.71061537741859e+61, 8.59802893616895e+93,  -1.78325893887881e+118, 1.03668630614897e+300, 1.106594144167e-96,  1.94135995220587e-20, -5.98899811906217e-71, -3.33531499802412e+64,  2.01525328523078e-112, 4.80219979889759e+142, 7.78235880322838e-66,  -3.80572795005892e-308, 1.27069929781365e-228, 4391491226761.13,  5.91209427304357e-267, 1.34064557129037e-298, NaN, -1.13468239321554e-200,  NA, 1397393658867.96, 6.38921515354416e+161, -9.61345538431744e+31,  -1.98424258058753e-49, -1.06639852984597e+187, 2.74102427183939e+91,  -1.6717649191121e+29, 7.47309197503247e-287, -1.52641856853543e+73,  -Inf, 1.30958917180028e+255, 2.54213476807614e+208, -3.12091817717972e+306,  0), x3 = c(-1.81827389121133e+104, 17570990081788786688, 2.04772034483989e+189,  7.99554821502959e+275, -4.10415459053133e-107, 4.12587075345281e-171,  8.36847406339125e+287, -5.04528877012061e-21, -2.74220885054051e-261,  6.11103139017875e-292, 1.98342378178241e+269, -1.15068456120972e-147,  4.62616445150787e+296, 1.48530821903226e+203, -8.20977559255408e+34,  -2.59295730550847e+284, -6.05113420493484e+107, 5.09501143021661e-299,  1.67961166750121e+283, 1.39793503382289e-86, 1.73362679842657e+192,  8.26811386788502e+110, 6.52982562262536e+205, -8.37910824901065e+185,  9.15879772559686e+99, 4.79773041712428e+268, 2.97109582989468e+43,  -3.54780079301558e+154, 6.80144982116322e-54, 1.72540787037077e+143,  NA, 1.55801992874328e-128, -9.97022956248399e+218, -5.19460098891238e-200,  -4.70978649383527e-57, -2.16700136304747e+238, 5.47043102094327e+291,  -7.85487101866685e-201, -3.51417986302375e-40, -2.58792809975825e+23,  3.05001691312834e-200, 1.83295981867424e+123, -1.54780308782665e+227,  8.24779710690134e-297, 3.27541991121289e-140, 1.12316921890436e+238,  -5.9741789707344e+293, -5.86573100615759e+55, -Inf, -5.89019436530368e+158,  -3.17883089559857e-101, -4.94175631866333e+94, -8.24844480710588e-168,  -1.46004413260507e+290, 3.62493764154256e+125, 1.10429990079401e+85,  1.02172282536086e-251, -4.75405337987123e-266, -8.99532827428437e+215,  -30.2759846262434, -1.91299720185342e-282, -1.37862376116948e+169,  -1.06079546536043e+126, 3.25074344210977e+98, -9.41663318160799e+51,  2.47378739293667e+256, -1.7587603327589e-270, Inf, -1053660683.35647,  -207885805072.238, 1.30976264574781e-107, 3.92247457561592e+133,  3.05001691312834e-200, -9.13939132311229e-51, -1.13210728874594e-192,  -8.80883689189709e-71, 0), x4 = c(NaN, 2.85487597580786e-291,  1.32114228860281e+95, 3.63885254265493e-258, -8.76352791207861e+226,  8.93233545501582e+86, Inf, -3.69265264380122e+276, -2.46564461631977e-212,  Inf, 3.10413667525891e-142, 0.000189226724363918, Inf, 1.42243079960548e+54,  -1.31550579194145e-145, 1.18566688132181e-64, -5.32342881234631e-43,  1.0840306993712e-203, -2.75113129459344e+88, -10634657363540458,  2.23935202271339e-256, 7.73029737531626e+108, NA, 6.11246706626302e+256,  -9.02285617560864e-25, -5.50448764901214e-103, 2.24488536730125e+188,  6.21276192937806e-229, 0), x5 = c(-Inf, -1.89059105527799e+99,  -Inf, -1.29990400445989e+203, -8.449820651297e+289, -2.90783429531535e+146,  -2.67650840512005e-49, 2.45595780619294e-215, 4.0451603142319e-166,  -8.449820651297e+289, 1.16612550014399e+216, -1.67889943823833e-211,  2.83965166753426e+284, -3.67276762507263e-54, 0), x6 = c(-Inf,  6.04466998206523e-236, -9.29355588126866e-16, 1494690960.98921,  NaN, -1.18593925834689e+157, 5.51034769190038e-193, -1.83591099465158e+89,  -Inf, NA, 1.93813314017719e+289, -2.47578800898487e-128, -7.72410571894433e+232,  Inf, -8306526155422124032, 0),