testlist <- list(nsites = 1845920907L, offset = c(-6.62376023756863e-07,  -1.11982007202421e-17, Inf, -3.19537019328518e-88, -2.02625981976118e+41,  2.3124120710257e-63, 2.99124138616404e+117, 1.87888144306617e-250,  -1.85434214275589e-195, -7.47245346457581e-129, -3.95895474226255e+51,  -2.45307311103889e+231, 3.48872500488287e+224, -3.4576144083534e-18,  2.01664376061455e-77, -Inf, 5.80095466358277e+252, 1.18176310505738e+224,  NaN, 6.26374353034378e-125, -1.40681732821225e+164, NaN, -3.62178465390246e+303,  2.4805401153941e-35, -3.58358116471927e+243, -8.61677197201656e-65,  1.26103351552972e-160, -6.7218220313624e+251, 0), phi_tune = -1.53263287209195e-11,      phi = c(-3.0246439035836e-65, 3.27391191377912e-237, -2.77834892959516e-158,      -3.38511884746041e-271, -Inf, NA, 1.83430580841513e-283,      -4.92750824654758e-107, -3.27159115285354e-267, -1.52093851686274e-221,      -5.95814645925364e-48, NaN, 0), rho = 1.19302219485173e+62,      tau2 = 1.11170506250624e+50, Wbegfin = structure(c(1.08249662365492e-201,      2.53889122581041e-196, 8.62210117790777e-143, 2.71788443142735e-92,      3.56786770368504e-70, 257986.325736236, 5.14555412753932e+97,      2.19358027181509e-51, 2.31294439840545e-308, 1.7711862769178e-294,      6.13347107918078e+38, 8.11865872482985e+125, 2.09405817877877e-161,      2.20329111193598e-25, 2.69142289545205e-291, 1.28457583297242e+31,      5.50397978627924e-24, 3.59240708192223e-203, 1.25098579574592e-176,      38.8478719436995, 2.20887467476138e+276, 0.0224011137737254,      4.19382057335321e+160, 2.47475033899392e-151, 4.46150075832732e-219,      7.05266485170275e-186, 3.1719314660806e+196, 343887651584886,      6.02580025671545e+130, 4.53658467818397e+109, 9.88756177235299e+122,      9.91144633045077e-178), .Dim = c(8L, 4L)), Wtriplet = structure(c(3.52237134288289e-121,      2.43537334998344e-155, 2.26718862917985e+86, 1.13818375579092e-11,      4.97662963370711e-270, 8.39390196307128e+229, 8.35851610406985e-09,      9.07567480037573e-05, 1.18928167208599e-230, 1.20920590607323e+63,      1.80038215961207e-91, 582248367.164975, 6.66703602326709e-37,      2.91374579735021e-191, 8.50498771126008e+169, 4.30291943433946e-20,      1.87765706668008e+49, 2.52111818342762e+258, 3.61925194366981e-192,      3.72106444318542e+102, 3255851476004410, 3.42967487591891e-209,      1.06055853091094e+146, 1.82454438683362e-121, 1.71302343390053e+261,      9.97084822861451e+224, 9.78542123134063e+240, 5.59792608992899e-113,      1.81057901511078e+230, 7.76393772801506e-170, 6.06690490460878e+62,      1.01217712603826e-91, 1.32830603477911e-19, 1.67036625836399e-60,      1.51137410366697e-170, 1.2165391394737e-178, 2.40858127996332e+157,      4.91670034889366e-141, 2.10949094373718e-219, 9.34966612652122e+226,      6.62295220209067e+179, 6.28111391115491e+129, 3.44525893989285e+165,      4.4784359363928e+285, 3.31933225860359e+206, 2.05248939485029e-54,      5.56380051980543e-229, 5.59845479108461e-217, 1.22418890129695e-15,      5.03509776191276e+301, 1.65316331397918e-52, 7.41888215663474e+292,      3.70868729467798e-254, 5.62119057634611e+51), .Dim = c(6L,      9L)), Wtripletsum = c(6.71670546955907e+290, 0.00082795511334111,      -1.0140974979755e-235, 7.93838283651929e+227, -3.42916235878538e+95,      -1.3855885589809e+158, 1.14848916862932e-243, 3.39408491569584e-144,      7.56867512267508e-241, 2135018841636362, 1.10907814581754e-144,      2.43763956478035e+145, NA, 2.06713839990376e-171, 4.96531777677885e-43,      1.5645331536427e+116, 3.36348088419188e+29, 1.62674643289067e-119,      -8.06738021834767e-134, 3.8063458482347e-291, 2.31817351675273e-113,      2.43763956478035e+145, 1.81283564493994e-09, 2.09524328545822e-162,      -3.71819651273228e+105, -4.29981380314812e-35, 7.16735978325059e-124,      -2.90144186329234e-301, -7.74371370383156e+134, -3.72264563517835e+109,      -7.73537764706462e-216, NaN, 12.7071175120074, 9.21607912529685e-179,      2.76441182365112e+306, -1.64792631684701e-302, -4.24151690250108e-126,      -2.92262798341857e+62, -8.86010897763352e+170, 8.36808323047083e+228,      1.19481138120725e+37, -2.10398726224374e+67, -6.28335594505175e+224,      1.17704533325295e+66, -4.50803201709671e+63, 3.4138411540194e+54,      -8.66721384947424e-268, 3.88717674691219e+124, 1.97795689743431e+85,      -1.79461424255853e+169, -3.5847589345597e-21, -6.55897143961317e+271,      -1.48782801084175e-253, 1.52051481233992e-13, -1.45958637253002e+231,      1.65178698598077e+98, Inf, -2.85412628716923e-137, -8.65748323175026e-210,      -1.32245702268601e-12, -4.40620654893486e+224, -3.10758637730828e-07,      4.34393989144251e-157, 4.57505918263109e-232, 2.00691527930956e+132,      5.36070971468005e+133, 2.23875086936721e-26, 0.348181194985473,      -1.06956251065398e-107, 8.8093388217297e-60, -1.09659523244962e-12,      -2.78608987873593e+207, -5.38544998933976e-143, 0), y = c(2.3081646614267e-285,      -2.64340406343186e+33, -6.22642624067306e+123, 4.45985018924067e-249,      -1.00317608364913e-243, 6.73798737992543e-145, -7.40452505920129e-47,      -1.0936942266847e+187, 3.52274136151518e+197, -0.00138156973348055,      1.86674278551662e-167, 7.60899431979882e+213, -1.96641370281462e+222,      1.88492091476224e-245, -4.1860047031708e-250, -3.18884171782346e-267,      -7.29697990375694e+103, 1.71298852988273e+108, 3.64191686933368e-235,      -8.49581440628557e-195, 9.51611840684387e-139, -3.02094643497974e-247,      2.63620171234731e-101, 4.26511447504287e+192, 2.96376438920242e-236,      1.01568934224782e+164, -2.5009610536013e-269, 1.0487896797394e-167,      -2.77720711604627e+114, -1.00132676383102e-22, NaN, NA, 5.72558997813963e+222,      5.06081934511648e-15, -6.81953680213436e+219, 2.25963605515707e+235,      7.95994173243617e+55, 1.36191892396442e+31, 1.8991426138885e-40,      -3.13443470079182e+287, -9.5195456700686e+86, NA, -9.75649516734969e+287,      1.9584318284357e-175, -3.72289161679397e+257, 3.75841933629303e-258,      -4.626172472612e+301, -5.46050400748322e-07, -1.4791877096354e-258,      3.20130632721093e-251, 4.77673737332669e+201, -7.35903289236542e+145,      6.69522722398301e+220, -2.09298046282072e-24, -1.02313999527359e+43,      4.63222659399355e+161, -2.40295156535725e+201, 1.52268024799146e-295,      1.74237490031635e+261, -2.10119894069906e+221, -4.61505709637184e+206,      3.00730827869039e-114, 1.04825180378172e+58, 5.36912235669229e-198,      9.68765860150948e+33, 6.96011378145127e+189, -3132217.97594891,      -7.49537115304484e+239, 3.20152486376418e-99, -4.29359851220974e+230,      -5.10394885703833e-174, -3.07479485941173e-270, -2.51504837309708e+195,      9.0493538198906e-124, -8.85739098258868e+24, 1.83879011408055e-192,      Inf, 3.93333282452382e-282, 5.45204611959646e-30, 4.00029552609807e-51,      -5.01837114279383e-148, 2.07197481427811e-179, 0))
result <- do.call(CARBayes:::poissoncarupdateMALA,testlist)
str(result)