testlist <- list(LamdasR = c(1.27890654606226e-188, 7527485546020.59, -2.14488209182332e+105,  Inf, -2.02048162434253e-44, NaN, 3.42032101584627e-93, 8.27932373953685e-269,  -4.36408839884835e-38, Inf, 0), muR = c(6.47599652406816e+188,  -1.5600959424723e+246, -7.50585834614888e+284, -9.27444379465874e+240,  9.49004278472289e+222, -2.74091669569808e+256, -6.06628630504608e-44,  -0.00101940368673233, 3.06107636871548e+238, 6.55275385389841e-240,  -1.48399874396118e+47, 9.16904933188939e-35, -2.07467736400536e-284,  6.94131478577824e+164, -5.5967216936932e-168, -3.58047314657879e-10,  4.92682010218359e-88, -1.11188922097758e-72, 1.3976614997431e-176,  -1.46673586226245e+64, 1.54710493323576e-298, 6.01409586841658e+221,  8.84504292234847e-195, 1.58469253118779e+132, -4.87411146232111e+199,  -6.57814475580888e-121, -3.95540666931765e-64, -Inf, NaN, 2.76504354121682e-247,  1.73449647887861e-218, -7.99673422465593e+32, -2.65451953001246e-24,  2.90992270379842e-226, 1.59363195528273e-85, Inf, 3.57163680144006e+306,  -708033289221.513, 2.70556548924223e-169, 1.94564217794711e-174,  2.16961927502633e-222, 2.86187280622422e+259, -1.70099699382665e-276,  5.99249482420488e+109, -6.87851197370956e+103, -4.04479138133641e+229,  1.15534477548193e+107, 5.71273754056285e-194, 2.01701324239408e+253,  -3.11231333158067e-229, -Inf, -2.19771425923763e-185, 9.33597072267938e-293,  7.34305010414498e-165, -1.04191463999044e-193, 2.15177012013628e+165,  -6.94313509841751e-208, 0), nminuspx = 839929020L, w1R = structure(c(NA,  1.22488142145202e+132, 7.95256273362598e-169, 1.16028821742152e+154,  1.9108017537312e-108, 3.74099480098089e+283, 7.69349063349751e-259,  16434.5420101032, 1.06812704368158e-135, Inf, 8.42508202034865e+170,  8.16764382473557e-111, 4.00855211526054e-155, 4.24272694241733e-237,  3.97007598355302e-143, 1.01240151385669e-262, 4.91081287407671e+200,  8.93580372168375e-170, 1.68902424680952e-29, NaN, 1.64555287542017e+148,  1.22359691931398e+141, 86235.2040149536, 17537799.5223475, 1.43588529696038e+116,  Inf, 3.4074235317947e-286, 2.33320482733018e+69, 1.63018665416798e-165,  3.88679155665466e-252, 9.70104266754917e-21, 1.32178109349515e-113,  5.70224134926611e+81, 3.13181261265047e-210, 4.24421494871832e-267,  1.6728815152231e-112, 1.65615077140903e-268, 1184.64625539105,  8.7417812417416e+118, 3.04782532322255e-110), .Dim = c(10L, 4L )), w2R = structure(c(3.15161863301726e+103, 305858670234014,  1.67054388212597e-283, 2.26376321294077e+241, 8.26333754032216e-148,  7.08941953354631e+155, 2.51387861095209e+162, 3.78854581540261e+57,  6.63664766467507e-05, 3.34954527155844e+137, 2.41743541826071e+111,  4.72993391268988e+57, 2.40493966017819e-174, 7.00668409200286e+307,  2.1130566378407e+216, 1.07607053473398e+170, 2.81168325473639e+113,  9.51360301389973e-174, 2.31912478902274e+215, 5.02459606303515e-302,  9.99096371658575e+94, 1.47646204192227e-154, 1.06120026790847e+245,  6.6847459078229e+300, 3.26919855786248e+213, 7.5775512600614e+190,  2.65834811396659e-206, 2.35320170732161e-89, 2.20337592849666e+238,  4398578.35859148, 4.37228328915417e-57, 7.8626015467044e+268,  1.41364976147205e+141, 1.23339446435737e+81, 1.40865303151791e-72,  1.52537063581183e+209, 5.02459606303515e-302, 3.39388491426486e-69,  1.77324426245757e-109, 8.61407782435145e+223, 1.35406506278569e-108,  9.82171689097781e+93, 2.63096727057308e+146, 1.63753746673998e-193,  1.46894581488288e-40, 9.99994268753072e+31, 6.87550684409442e-251,  2.81286039383411e+290, 0.00837255111359015, 2.96221895129034e-108,  6.57409234321293e-182, 7.58882628009447e-114, 4.41766162128374e+49,  2.1800971342975e-104, 4.26092773995967e-147, NA, 2.39080038166196e+194,  8.12588256906022e-57, 2.03867403047344e-140, Inf, 3.74040628451029e+36,  2.58309137482978e-202, 9.95303506017559e-162, 3.75984056086069e+171,  -Inf, 1.16640687370101e+305, 3.77990332339439e+115, 4.19144577987761e-258,  1.75847188020436e+57, 1.3219875495959e+41, 3.84201062308595e+100,  3.45926573037405e+214), .Dim = 9:8))
result <- do.call(CKLRT:::LR0_fixRho_C,testlist)
str(result)