testlist <- list(x = c(3.77801742535024e+233, 2.06200908658298e-157, -6.18633653298487e-186,  9.59333572885439e+114, 1.8117192363624e-07, -5.47802596092225e+238,  -2.15376745826291e+114, Inf, 4.78221456162696e+151, -6.98299881085563e+216,  -1.59836747277606e+21, -1.30869833830382e+185, 1.02617415530929e-274,  -1.09878172772527e+279, -3.32374745812046e-127, -2.73744465497181e-220,  3.76745098407437e-265, -3.50901381882256e-279, 3.98692867124797e+28,  -4.09071125997143e+26, 1.79293029199268e-196, -5.2328877994536e+103,  -1.30869833830382e+185, 1.80193092104632e-236, 1.22663523975874e+232,  -6.54962236190789e-88, 2.37992170887389e-247, -1.64060174719993e+273,  1.20847391337038e+246, -2.39028263827408e+298, -3.49634254249495e-236,  -3.26287113058635e-193, -3.00750741180714e-213, -9.37024789608686e-64,  9.73569851285025e-195, 4.90931445545159e+203, 1.03253390377838e-59,  -3.57492036382244e-48, -1.78331938833349e-209, -58.8650783550352,  -9.90228786857181e-277, 8.89636317958564e-242, 2.95233597641611e+187,  1.86350552451023e+93, -1.10542150249939e-10, -7.93643852185938e-291,  1.2133048536732e-43, -4.95960028332084e-229, -1.99674034202224e-16,  -7.84510822623115e+143, -2.28847706229743e+255, -2.89884444179627e+295,  -5.13108105386733e-302, 3.01722890952462e-80, 1.25198581269217e-17,  88.8949189061153, 1.41151552185829e-275, -4.10483774430256e-289,  6.14560727461289e+219, 5.51447234883872e-128, NA, -2.68199142698178e-20,  56594.1091388979, 1.4060592344083e-96, -2.98885777441986e+288,  -2.46182629126587e-29, -5.33079257171252e+118, -3.92784691106046e-242,  1.62350544110125e+30, -4.76694056993981e+85, -6.86664913511674e+188,  -1.18856857881953e+229, -2.0088828183192e-228, 5.43815004361499e+103,  1.19777736071141e-100, -1.76847796232155e-129, NA, 6.91082177068266e-256,  0), y = c(-1.70949970178702e-282, -6.80195949889273e-237, 4.36103549281872e+254,  -1.13169238168229e+249, 9.66796806036841e+283, 9.38864694504316e-14,  -2.41744924588555e+144, -216766.636628588, 1.09952552802492e+238,  -2.93295164922855e+229, -1.70502114395492e+299, Inf, -2.72825661862971e+285,  6.45212533379459e-239, 1.78280800285667e-83, Inf, 1.9014682467424e-50,  419.675884965542, 5.7313066294915e-08, NaN, -5.83153958610617e-245,  2.55642971856947e+60, -8.83209713309614e+151, -2.11646621558253e-66,  1.95979127577875e-235, -2.47890214733692e+79, -1.52090513230157e-287,  2.47919165524094e-38, -4.94754770826187e-69, 2.21314205483873e-252,  3.4835431739786e-262, 2.14857039724156e-138, -5.73843759492682e-261,  4.38856881799964e-157, -8.23135398552187e-24, -2.77774540934723e-167,  3.5534561942404e+184, -6.96195580140729e-186, -41132686935769874432,  -1.63166505971131e-307, 1.2392021152603e-35, 1.27531812350514e-166,  1.55290384162204e+271, 4.14714759264653e-213, -3.06744012471512e-109,  -6.7551922452645e+180, -3.56643244839406e-276, -Inf, 1.09169994794699e+236,  -1.14273268126326e+49, -2.28136206205681e+226, 0.00339150212911351,  1.59961018469427e+308, 8.76333301936703e-134, -1.30769448551417e+132,  2.83903132550984e-212, -5.90396771952947e+294, 1.28136038462482e-263,  -1.1110682107012e-70, 7.37087727679089e+125, 2.19788658432253e+101,  -3.40175045781769e-305, 0), z = c(-46196.893825531, -4.42580833645225e+290,  2.83552387387732e-214, -4.14420317152325e+102, 4.96218144218597e+38,  5.42895271065737e-127, 1.66108829288209e+127, 8.88641808598316e+35,  -1.06840080957952e+78, 6.2851353291161e+19, 325793.68021771,  6.35249273439012e+264, -5.89469835838509e-87, -2.83947220159899e-188,  2.2945864842122e+156, 7.20226320193693e+287, 1.78206053057187e+62,  NaN, 1.30049574887286e-263, Inf, 4.3150095837552e-252, 4.0813974973284e+124,  0.00156756054030354, -2.63123224976196e-222, 7.35344520153335e+203,  5.29147484840539e+235, -4.07784800530084e-29, 3.75338473341614e-267,  -7.39320910966852e+228, 2.81886345481567e+74, 4.026652141598e-66,  2.84899430221431e-203, -3.46588112382395e-237, -1.4784303113968e+295,  -7.78404236850052e-20, 5.29147484840539e+235, 1.56758004520276e-184,  -1.30704193718977e-41, 8.0353700214456e+210, 7.85195978594733e+102,  NaN, 3.33698617061476e+184, -3.06636532599825e+91, 1.41580571243618e-89,  7.92893586485577e-67, 8.38961049509085e-240, 0), accel_input = c(-1.83239237735207e-102,  -5.44276336536616e-211, -6.75955167444112e-40, -1.52479119309833e+164,  -2.59511698911285e+210, -1.30659935128959e+169, 1.16832778286469e-178,  -1.8321358789538e+283, 5.71887565703211e-76, -6.98063151556246e+74,  -5.47405227974676e+225, 1.7875566079245e-156, 1.73354219925383e-61,  6.0388381697322e+172, -1.55126597453789e-37, -3.46226835632025e-98,  -4.5980753909861e-175, 4.52173244756291e+34, NA, -1.82735744489759e-37,  2.20822409097156e+72, -1.96006844987876e-267, 7.45572575587726e-117,  -4.48805777266883e-178, -Inf, Inf, NaN), samp_rate = 43691040L,      vector_size = 965044073L, k1 = -4.13946677028134e-223, k2 = -3.71007670628958e+295,      k3 = 1.4061769035493e-111, ncores = -1755496365L, l_const = -4.95189684683758e-06,      mu1 = 4.49513977947164e-300, mu2 = -1.33142090207326e+23,      kappa_opt = 8.80340302367038e+292, logK = 4.65423890542505e-85,      log_I0_kappa_opt = -1.25002341584222e+182, log_const_vmcos = -1.69915467755826e-87,      mode_1 = -1.98758422395412e+217, mode_2 = -3.81848449929176e-199,      n = -164577095L, unifpropn = -2.97532338484649e+69, vmpropn = -7.72721898928751e-16,      I_upper_bd = -3.90273034706978e-168, log_const_vmsin = -2.76332369871508e-256,      k = 4.2913428360563e+257, mu = 2.13936278438989e-92, d = -6.39286543938038e+143,      m_x = 176952321L, m_y = 500925017L, m_z = -1070372876L, proc = 1658531371L,      df0 = structure(c(1.00812888580627e-99, 9.42336292645309e+187,      1.54896314785393e+47, 8.39481712530622e+176, 1.64020960364331e-15,      5.12573007111044e-181, 1.79809176021735e+159, 3.29642134457399e-89,      1.79218440081107e+205, 6.01252581171924e-224, 6.93821106651154e-158,      6.81623722165235e-105, 1.21035060785283e-204, 6.17961056574234e+283,      2.71105939872429e-110, 2.0107458601896e-146, 1.76548628539048e+60,      2.87017203665701e-148, 1.39530094319054e-27, 85859.1287185913,      7.49097576508239e-47, 4.88109563508658e+225, 4.41108849069775e-256,      3.50635874914175e+286, 5.76346931704647e+110, 5.54643734756652e+159,      1.56597364466637e+239, 8.45959448862835e-113, 1.67840684553705e-74,      6.38174405659568e-52, 139403059485602, 1.51124813319551e+299,      3.3257270715243e+237, 7.63313885832217e-277, 2.92710979920509e-09,      1.83950945081948e+34, 4.75755609151466e+281, 4.09392772808301e+243,      8.00479768867495e-106, 9.75366964343088e-113, 2.46971935798039e+266,      3.35944168870629e+93, 7.42480340763938e-139, 7.88470774400395e+176,      3.14481891429843e+153, 2.08040413431953e+294, 1.13464571959675e-59,      3.64215261632401e+283, 2.51070999004281e+95, 1.47375458984837e-38,      8.13226628220422e-33, 1.1125950525313e+143, 5.05655972150788e-39,      1.04703185832527e+226, 3.4558117829866e-230, 1.04843682588833e-57     ), .Dim = 8:7), h = 852794110L, tw = 1468437190L, N_Value = 670575960L,      phi = c(-8.51718882997972e+107, -1.60332560126921e-49, NaN,      -1.24912347219686e-140, -1.94724145158425e+39, 7.58111424869945e-207,      NA, Inf, Inf),