testlist <- list(failures = c(4.73687876244385e+206, 7.87926191278604e+86,  NA, -3.42926340573034e-121, 3.86505411770914e+251, 3.53313593233717e-292,  2.67083263075137e-40, 1.24331479672631e+190, 4.13070184065778e-49,  Inf, -9.5658841890586e-40, 1.51719131505415e-150, 2.12509454357849e-216,  -7.97857214025398e-106, -2.27853141409025e-284, -5.51135311502272e+43,  -2.20506023863209e-221, 8.72783592614681e-14, -1.43353790186391e+238,  -1.33451876504071e+122, 122942.401584642, -1.23783081853211e+73,  1.42415002472383e+198, 1.84783895059632e-114, 2.31500451209952e-268,  -4.7363974989693e-30, -1.78518464843902e+238, -1.51561251641057e-30,  -2.98072787612292e+208, -5.46794646169162e+107, -1.0852794629323e+221,  -1.45128910139594e+235, 1.54366397536315e-75, 1.35809821033041e+272,  1.62327781620455e-307, -5.26507544154622e-201, 1.2970663761867e+31,  1.21081217126531e+248, 3.98403956160003e+183, 7.65527981160579e+30,  -4.83528091741812e-74, 1.16760944544051e+283, 1.21004106119175e-37,  -3.69479137324265e+129, -1.29665860483402e-17, -9.65046747662375e+240,  -276225614653.994, 1.10919952997173e+117, 1.4679512489021e-174,  1.69651397831673e-211, 2.87105206385333e-44, -3.92505447823964e+90,  4.35623224698127e-169, -1.29665860483402e-17, -1.87604108942683e-213,  Inf, -7.51119112286981e+252, -9.42779581306797e+44, 1.8290856477536e-49,  -8.93330593048718e+193, -3.82485897351474e+274, -1.47363082660794e-267,  2.29019750016126e+250, 1.26793267963667e-179, 7.16495783145694e-107,  9.21596675397779e-70, 1.13988423903142e+105, 5.22907935465095e-211,  4.12100595402538e+163, -3.38443755619682e-225, 0), nsites = 502235898L,      offset = c(1.55211322264138e+179, -1.26852293917683e+134,      -1.49439044625898e+298, -9.89251190997203e+50, -1.4805775689991e-92,      -Inf, -1.21183601578771e-286, 7.34828880729527e-23, -2.07972185330574e+184,      -2.80648815221472e-220, -8.31050753693628e+273, -1.95599663999485e+307,      3.39165151711522e-295, 16316126.9303585, 8.82211227908214e+122,      -266445278670707488, 7.5676649273103e-246, -Inf, -4.47801884382166e+70,      Inf, -1.20775275239518e-198, 9.10245558177172e-247, 6.28806377862749e-35,      1.00024375015875e-200, -7.92597366490617e-290, -1.03188605572061e+90,      1.05825723183262e-115, 7.20582065647255e-34, 2.51618917631427e-171,      -6.05999519447146e-153, -9.65643155345578e-43, 2.51559588441359e-220,      5.44154722527632e-220, -7.65461506745782e-125, -1.52036689405334e-16,      -8.5347320089644e-47, 3.3390057786318e+291, 8.25805173243031e-282,      -1.88521565990494e+95, -1.65861634672269e+66, -3.9412984841296e-157,      5.84458113040806e+282, 8.13965567685395e-172, -9.42531094830363e+280,      -9.55524578247873e+34, 48529612475069120512, 4.65330289056986e+139,      15921.5846504, Inf, -1.05751134182837e-294, -2.1874471181229e+63,      -1.87108987749579e-244, -2.9348284261081e+233, -3.03172472930409e-78,      -3.39052315094002e-29, 5.43456326898434e+62, 4.29557038447009e-08,      -7.72106165388881e-129, -3.98961327355816e-146, -9.43802490850354e+288,      -5.72148539521669e-67, -1.64992603497506e-10, 5.6670975350142e-81,      NaN, -3.5884168682169e+109, 5.82703727692792e-168, -9.05078210781538e-282,      3.03190271226245e+294, 1.8167347152083e+82, -3.17269564110579e+125,      5.01228795152411e-174, 1.07418332520201e+149, -1.73402846122051e-79,      3.62977153895375e+99, -1.90767912069002e+208, -6.36958228692097e+262,      1.21851844353805e+23, 1.43290379614705e-145, 333845.040235974,      1.28785571816905e-183, 9.03500294679536e-122, -5.79555949484955e+212,      -4.21456763008283e+273, -9.58149073754037e+246, 0), sigma2 = 6.97881963113231e+25,      theta_tune = -1.5518998799971e-274, theta = NA_real_, y = c(-1.70949970178702e-282,      -6.80195949889273e-237, 4.36103549281872e+254, -1.13169238168229e+249,      9.66796806036841e+283, 9.38864694504316e-14, -2.41744924588555e+144,      -216766.636628588, 1.09952552802492e+238, -2.93295164922855e+229,      -1.70502114395492e+299, Inf, -2.72825661862971e+285, 6.45212533379459e-239,      1.78280800285667e-83, Inf, 1.9014682467424e-50, 419.675884965542,      5.7313066294915e-08, NaN, -5.83153958610617e-245, 2.55642971856947e+60,      -8.83209713309614e+151, -2.11646621558253e-66, 1.95979127577875e-235,      -2.47890214733692e+79, -1.52090513230157e-287, 2.47919165524094e-38,      -4.94754770826187e-69, 2.21314205483873e-252, 3.4835431739786e-262,      2.14857039724156e-138, -5.73843759492682e-261, 4.38856881799964e-157,      -8.23135398552187e-24, -2.77774540934723e-167, 3.5534561942404e+184,      -6.96195580140729e-186, -41132686935769874432, -1.63166505971131e-307,      1.2392021152603e-35, 1.27531812350514e-166, 1.55290384162204e+271,      4.14714759264653e-213, -3.06744012471512e-109, -6.7551922452645e+180,      -3.56643244839406e-276, -Inf, 1.09169994794699e+236, -1.14273268126326e+49,      -2.28136206205681e+226, 0.00339150212911351, 1.59961018469427e+308,      8.76333301936703e-134, -1.30769448551417e+132, 2.83903132550984e-212,      -5.90396771952947e+294, 1.28136038462482e-263, -1.1110682107012e-70,      7.37087727679089e+125, 2.19788658432253e+101, -3.40175045781769e-305,      0))
result <- do.call(CARBayes:::binomialindepupdateRW,testlist)
str(result)