testlist <- list(bufferSize = 1737358441L, endian = -77330533L, featureId = c(387356493L,  2088894552L, -1519641095L, -1266980230L, -1087771467L, 437944660L,  -487576063L, 720193857L, 65048192L, 1653594120L, -67829329L,  1886071087L, -1810504530L, 811926034L, 1445991296L, 509395233L,  1028694431L, -545675302L, 1856539359L, 330501799L, -906799623L,  1482099630L, -2011287898L, 2079377336L, 1080645407L, -486540975L,  -1484574533L, 523878215L, 834206090L, 251934871L, 577191325L,  1459967383L, 1856878160L, -1397776045L, 869338730L, 275868225L,  694405944L, 1728368777L, 1796024258L, 310139264L, 688902613L,  -1099814415L, 1144478548L, -1463446063L, 677448335L, 1708792272L,  NA, -1125418266L, -95700040L, -1092310526L, 470111940L, -873752845L,  1285587889L, 2057077089L, -602711144L, -19497224L, 557494751L,  509337914L, 1614282539L, 596975471L, 899817903L, 1050808346L,  -1234390348L, 1110551907L, 1801339785L, -1188772839L, 1556301183L,  1483009677L, 101661764L, -1303617944L, -1206903558L, 1103716012L,  664876768L, -973407711L, -1119903723L, -1550867799L, -1629557424L ), m = c(-7.38687606361501e+90, 2.21479754969493e+105, -8.35053942902718e+91,  -2.45837970977831e-236, 9.72467084763125e+67, 1.59124689427031e-129,  -5839069791263283, Inf, NaN, 3.00101725581664e+35, -8.30182221185101e-283,  -2.26880794805149e-45, 4.20589950514015e+210, 1.06890425921681e+31,  8.64194472816382e-125, -4.68895821690349e+244, 5.71453136395389e+110,  83.240054711233, -1.31605475175239e-10, -8.23424577202396e-284,  8.40106954811718e-165, -9.14816678321951e+255, 8.52987913899455e+23,  6.73941872914502e+139, 1.67090692740404e+212, 1.97620759298505e+150,  -5.25755416681563e-84, 1.71075826671962e+80, 3.55571902884753e+79,  2.09620294728953e+79, 1.45710787301387e+234, -1.45320669159012e+99,  7.32997605828338e+25, -2.14653022588353e+175, -1.37141951935483e+60,  5.72496109599973e-200, -235.085712470916, 1.79974776570296e-248,  -6.73407474823478e-240, 1.00073938708629e-231, -3.34313334513379e-165,  -5.41878069864093e+47, -8.19055562847833e+130, -1.03760094864589e-242,  -1.99657898080397e+211, -2.84590211791535e-08, -7.07694904122991e+301,  -3.01178411168278e+80, -1.21168114624087e-295, 2.32064209313949e+175,  -7.85086932169365e+174, 7.10893766733214e+216, -2.79966955107657e-169,  -1.54255415953752e-223, -1.44959827175466e-134, -3.79655875011318e-195,  -5.10741410802348e+289, 1.4843858395547e-279, -4.58287543801352e+168,  4.820989191442e-102, -5.55309524031665e+149, -2.83246917287661e+293,  5.19077199124783e-159, 2.52649915112247e-238, -5.21174191011928e+250,  -1.03608083153363e+273, 3.01044443339669e-152, 9.46361139991289e+255,  -7.79266365196225e-81, -2.39863292332886e-291, NA, 241063019847042,  -6.94271871238878e+267, -4.15207513807411e-134, -Inf, -5.71833826067254e-306,  3.21160134319618e-190, 1.35224948098238e+30, 4.61407893777838e-259,  1.9141735778378e-244, 4.26775572559851e+107, 1.53070924949742e+116,  Inf, -1.91959548437981e+165, -1.02515414078006e-167, 2.0167833202596e-135,  -3.69471485703343e+177, 4.7413511714485e-122, -3.68789059119213e-183,  -3.99952946642143e-184, 0), ringId = c(-202560623L, -887561482L,  1671092671L, 1874222094L, -224013106L, 628781214L, 456447482L,  -1742701173L, 245898457L, -1040265436L, -1716985080L, 1597970001L,  NA, 1703979136L, -998409636L, -1627920468L, -1610381983L, 39159195L,  NA), x = c(7.10506538983705e-49, NA, 5.3502220495973e-191, 6.80530291882169e+101,  2.6203356946303e+273, 1.88931705507851e-248, 1.29222024779829e+37,  8.80085078387259e-235, 1.48443276442462e-252, 1.37603701044393e-101,  6.62832099363647e+50, -1.49343123899678e+230, -9.13491306854812e+94,  -3.01931682631634e-261, -1.88765973479665e-89, -1.71522697652635e+97,  -4.44894336085346e-262, -3.32767342555585e+295, 1.17747531268427e+30,  -5.74555616173184e+196, 2.24249952470837e-127, -1.8405464588411e-303,  -7.15268412390904e-257, 7.3004384806458e-43, 8181.3734484877,  9.88840462460359e-226, 2.5050660029909e-177, 4.99901108739878e+272,  -3.174447641839e-144, -3.7227977054015e-167, -3487350.36987099,  -9121193993444620288, 9.41631052101049e-20, -2.20777995098148e-107,  2.23020563532501e-179, 2.55659500649851e-184, -3.07214015166305e-278,  -1.1541074538879e-138, 2.562014319981e-205, -1.68707610933943e-105,  -8.25492659607862e+63, -2.82337614610304e+305, 8.90630842036421e-144,  -0.167185199547694, -3.70441847239833e-285, -6.72624512420741e+211,  -1.04609762223915e+89, 1.10153257742814e-237, 8.34569366642666e+78,  -4.4579003709815e+30, 1.48443276442462e-252, 1.60470864169521e-182,  -2.64344407192897e-95, 8.88987276716896e-243, 7.58720963650735e+75,  3.29410023086287e-10, -9.54627168197729e+163, 3.16275365362402e-194,  3.5807183938063e-305, -2.78763386532101e+26, 6.66870091129655e-31,  2.06179267657285e-137, 3.01182030265639e+72, 4.63454865460824e+125,  7.05042603158984e-20, -9.13511338419863e-288, -4.49820563546473e-175,  -7.903622781965e-76, -1.64200061949495e-239, -1.09745557187354e-210,  NaN, 1.07156482447126e+269, -1.06575357942706e+98, 1.65580295545101e-169,  -3.93413834575793e-165, -2.1531782861688e+99, 1.03552924947655e-187,  -1.08808594776081e-187, -1.73721949189705e+272, 3.81016393116596e+150,  1.48443276442462e-252, -1.91133517551505e+144, 0), y = c(2.37345590588394e+294,  7.55488146287932e-190, -2.43307011461527e+280, -422201398517.632,  5.88822874265975e+201, -1.26630471238369e+191, 1.87103277326533e+76,  1.81472202157418e-269, 1.18620528305305e+93, 1.17973276105854e-285,  2.04740707537784e-212, -8.11082739038795e-149, -2.8147010263701e+100,  -1.47056394070734e+213, 5.28324470663617e-136, -Inf, -4.09648976108244e+258,  -3.12284823156478e-204, 1.57226653553174e-19, -3.14914253763421e+126,  2.81317048672214e-76, -Inf, 3.17847681586643e-241, 6.2067688216625e+57,  9.75742183488023e+297, 6.40404017863949e+62, 2.37260285585789e-150,  9.06411082265132e-231, -6.79667462073198e+77, 3.90953393757731e-97,  -1.5942730612902e-50, -2.37208305234342e-105, -2.96367941263654e-198,  8.49232484280422e-302, 1.03187978499574e+250, -8.86838428128132e-61,  3.52350666014209e+234, 7.9450529350388e-252, 3.1119456268281e-76,  7.13658618363378e+107, 5.8836826280883e+27, 3.66557252767198e-237,  -Inf, 24707163109852151808, 2.93027589155384e-69, -9.25615603495103e+34,  1.00650051723145e-128, 6.22976252114133e+264, 2.05809162359974e+27,  56301988401966.7, Inf), z = c(-2.26757465442019e+134, 1.77565384636347e-246,  -1.78926492123684e-205, -259477643.345805, 1.45596910138576e+144,  2.80704672358373e+92, -4.63928291815694e-178, NaN, -Inf, -6.26359658529564e-192,  -1.88732680426861e+27, 1.29943698324359e+300, -6.06524061483227e-59,  -5.30909901595149e-221, 3.3412847657617e-221, 1.17845081246784e+85,  Inf, 0))
result <- do.call(wkutils:::cpp_coords_polygon_translate_wkb,testlist)
str(result)