testlist <- list(inv = structure(c(4.09312671255326e-190, 1.50782817043972e+156,  3.86714308176021e-132, 9.05953676693192e+263, 315.197660475391,  9.02784301653217e+97, 2.000900890852e-202, 5.48910606063961e+71,  4.3783470254587e+175, 8.67784997817019e+237, 2.40436941964534e+187,  1.22849737774297e-284, 53033430088910487552, 7.46476411490754e-56,  3.50142333452469e-279, 4.14583933980202e-207, 2.81605632700111e-168,  1.0419895764728e+234, 1.65119710311421e-167, 3.08098979811584e-37,  8.58457394315084e-200, 7.70357133424141e-264, 5.56176412898788e-172,  8.8757758931406e-75, 3.26907598545528e-298, 4.04055052678789e+34,  1.53352587612782e-49, 5.96019887888826e+121, 1.54477333812334e-275,  4.90960080611232e+81, 2.24541576981577e+300, 1.07087442450951e+72,  3.33572279710254e+279, 6.58512259286819e-144, 3.40235306170502e+246,  2.84214920157746e-109, 2.4609716900359e+195, 2.27637821870708e-120,  2.9827583696455e-199, 3.7893140390996e-281, 1.31808130344188e+303,  1.05428752150036e+296, 1.77768362391275e-59, 1.93865808626448e+145,  8.10852847756192e-265, 6.27059718847202e+208, 3.34206183842001e-230,  199691.482435158, 1.80863215467127e-211, 1.13937151336118e+164,  7.79333216263932e+105, 1.61699105928669e+196, 1.42170925385195e+273,  6.28513531661004e+245, 1.27338410817795e-62, 2.7313643045935e-304,  8.19745874159301e+46, 7.07940631231655e-152, 2.20447396162605e-291,  1.52527704836736e-159, 3.05896296892681e-217, 1.32661560250903e-151,  1.36585604284666e-300, 8.90336538062597e+96, 7.26363928104412e-306,  1.30461364465573e-251, 3.11899469836698e+247, 1.98956571432484e+202,  1.44853199316059e+185, 1.61069497115182e+222, 6.85709148312493e+252,  6.3595356499636e+30), .Dim = 9:8), order = 486126696L, p = -1.94992510522865e+126,      T = c(-1.66667893622001e-49, 1.91698338082271e-80, 2.93871033907185e+294,      6.23890285463427e-80, 4.73594416852843e-68, 1.92374608756283e+304,      5.22278042553461e+77, -2.97932406633684e-194, -2.68155229469859e-130,      -2.8443541465211e-188, -1.37830165814193e-303, 9.46138801054663e+185,      3.43512439634007e-26, -2.80408356385423e+194, -2.69315621855967e-264,      8.88375296519136e+93, -1.28149993449481e+192, -1.05378635096144e+270,      9.9348541420566e-272, -4.49673024853768e-166, 1.08790490440457e-197,      -1.2041029401751e+269, 5.69436160505039e+304, -4.31279914103383e+297,      -8.50762375722852e-293, 8.10981151245745e+266, 5.79154874698599e-162,      -1.52841548347558e+202, 1.08404704783176e-287, 6.87024100783927e+274,      -5.68764856223117e-181, -1.13844874214302e-199, 1.96260971350789e-252,      5.33405194998669e-300, 2.59208973630206e-42, -9.97306573534695e-54,      -2.72162996958946e-171, -3.62546934961208e+168, -1.05877353233728e+151,      2.42723774121938e-180, 2.71379408558098e-129, -2.99574316180368e+172,      -3.92218442701392e+180, 3.87644683863415e+40, 2.87529519465824e-21,      2.1613714735693e-216, -1.24268282218984e+93, 1.1295944748571e-232,      3.92159577538232e-79, -15667.1775954664, 4.57084549186976e-49,      -1.25757101230842e+73, -8.79373529590978e+217, -9.77937136970318e+240,      -6.91902272399548e+224, -1.16799430317206e+232, -1.9654566928719e+138,      -2.97633622985238e-92, -2.12534603551549e-12, 3.06886759116986e+143,      -3.91468555641316e-243, -5.48275336426756e+103, 9.28985945620188e-15,      -3.80097643545023e-13, 4.66046102560888e-69), x = 1.52950337919874e-61)
result <- do.call(Opt5PL:::DS1,testlist)
str(result)