testlist <- list(m = c(5.28360262941434e+196, 1.15844215337931e+87, -6.59602917883026e-195,  239018965089120960, -6.00476266906604e+63, -4.39033642402009e+242,  -4.93291019129895e+169, 3.41942370670708e-258, -4.58861980780218e-224,  1.58664611853776e-202, -3.19213916933438e-195, -4.4760317152552e+60,  -2.81018372658173e-261, -2.33459116704309e-146, NA, -3.47053816169873e-79,  4.01376740721997e+107, -3.47053816169873e-79, 5.02543010202933e+232,  1.77965454501537e+62, 2.04643426983602e-249, -5.83660005854354e+161,  -1.11539764667639e+159, NA, -2.79832962459484e+94, 4.73332857615844e-189,  1.02117070091415e+80, 1.11782664771726e-250, 1.29517065183998e+267,  1.43362497757267e+107, 9.44528664680676e-272, -1.64309318914839e-282,  25913967280034783232, -7.15632157560493e+42, 8.66053830277363e+234,  Inf, -7.67916981914397e+161, -1914094401092012, -3.76367365860934e+52,  3.33348138990111e-116, 1.40078298694006e+69, -1.86223548050478e+169,  3.71937734721288e-271, -2.0647563782423e+197, 6.42627094234532e-76,  -8.99448058063936e-121, 4.9541437791127e+42, 0), x = c(7.53090490605948e+81,  7.06674654879943e-38, 9.08193085017697e+72, 3.10745074025664e-64,  -7.25801205562467e-52, -5.66742175772306e-283, -2.11523730415142e-276,  13256470769365.3, -2.59300872910693e-191, 1.70008828590873e-167,  1.28114701141081e+135, -3.71815775112277e+275, 4.57803121608551e-132,  1.41983965402338e+162, 6.93817908772423e-105, 1.61401526244438e-74,  1.10962142365705e+235, 6.71642073711989e-135, -1.14678684666851e+203,  -3.52555564710555e+247, -8.13603465254307e+48, 1.31982438045332e-101,  1.62651077069627e-269, 2.43775602739598e+27, 1.10489210162561e+137,  -2.7093760463869e+196, 1.26333923375472e+86, -2.24685453396884e-202,  Inf, 3.01234445426078e-06, 1.34356574426327e-181, -55239.8539921638,  2.89858206438776e-169, -8.12577354271285e+98, 1.24501024994251e-106,  -1.1032082808611e+31, NA, -1.46833719547281e-30, -3.66767159280459e-247,  2.24096486553642e-111, 1.47725995209612e+293, 1.74944868155346e-98,  Inf, -6.09639816775543e+94, -Inf, 3.73272803089277e-306, -3.26526717909752e-140,  3.84137025589056e+130, 5.85555337686966e+147, 6.79890550681336e-190,  1.94625732482707e+289, 2.12970482152933e+236, 3.08221853316428e+75,  0), y = c(-80017.5297600697, -4.54127920002201e+132, 5.63783400747553e+191,  6.95589455203688e+229, -3.00687772639881e+137, 5.83970815753454e+269,  2.82706956798897e+270, -7.69936913145553e-116, 2.260995783654e+177,  1.67950540031746e+308, -Inf, 4.17037230587625e+248, -2.29916695962973e-34,  NaN, 7.83216718662849e-244, -3.36749645282383e+105, 1.05156828415504e+130,  -5.02054396810886e+67, -4.56630914577682e+50, -Inf, 5.03528621107114e-83,  -2.04112304884967e+208, -3.12235745622392e-235, -1.8686916999032e-109,  1.22865305973589e-237, Inf, -3.57590142718601e+49, -4.39813533205388e+149,  1.07099015575816e-219, 1.65676065977651e+192, 0), z = c(1.52783215428198e+226,  2.01619210790331e+143, 1.43472442267459e+174, -2.08973811624337e-210,  1.21649579164763e-119, 2.09037482236487e+143, -3.32850055764464e+58,  2.64186582632453e-68, 4.62066115581641e+297, -3.22080002136604e+269,  5.28426035115159e+283, -8.15206125387068e+165, -3.0172718632734e+26,  -1.44277935570585e+225, -2.21683286592743e-227, 9.48165686938062e+288,  -1.14883224935675e+289, -1.36808540627057e-179, -1.42193906713082e-181,  -1.23468179326165e+60, -4.20204974704843e+65, 3.01431759606756e+150,  -3.27556584319677e-162, -6.74397819392447e-146, -3.99404292422139e+107,  -1.06460846156403e-144, -9.17005483451886e-273, -6.5720369240283e-43,  4.40986571843299e-89, 4.57301085548721e+127, -1.46431518140575e-171,  3.39189015692941e+136, -Inf, -2.38840986896574e+186, 1.79142903709816e-213,  -5.10447322956405e+269, 5.72663920933586e+229, -91608254759320672,  -1.93146481464905e+143, -1.19784614039715e-150, 3.72217646685945e+70,  -2.16963035563752e+55, -2.32045534275722e-178, 8.95223089606898e+20,  5.72859838405979e-151, -4.51300700288393e-281, -2.91415137372248e-139,  -2.05518335289826e+50, 1.34506938213701e-189, 660080364154930,  -4.71788507119372e-16, 1.02778865078756e+204, 3.525365157219e-227,  -4.50665695250539e-192, -4.24964425727751e-128, -6.33808384025418e-205,  3.74360841773001e+296, -2.50410313069257e+176, Inf, -2.65002578867199e+157,  -1.35696599074371e-182, -5.05433196278517e+199, -2.53246308551789e-114,  -1.6165228191818e+295, 187648923481.089, 7.97629185055537e+142,  -2.80606965291564e-207, 4.20816484135614e+159, 4.75656113313249e-254,  3.65535095231315e+267, 2.67575580114896e+88, 3.59867630938961e-207,  -7.06940990391057e-189, -4.05115770407325e-307, NA, 1.32459885654904e+213,  5.49460069844406e+229, -8.29728196830788e-19, -1.14539118038197e-180,  7.81890272269493e-235, 7.28741308615815e+209, 7.82539568901649e-71,  -2.17546489642829e+73, -1.81952544011527e+280, 5.11121382512049e-257,  -9.93467101185108e+28, -Inf, 3.87837453045979e+212, 8.29765273824536e-272,  -1.48018900043594e-240, 1.89237980284734e+56, 5.59834025627335e-290,  8.57617070459585e+73, -1.613602024203e-238, -3.6036221393217e+166,  -4.00944792711189e+235, 3.67705602352474e+121, -1.99292287267373e+226,  -7.74889815200011e+170, 0))
result <- do.call(wkutils:::cpp_coords_point_translate_wksxp,testlist)
str(result)