testlist <- list(mu = c(8.02717506849421e+25, 4.19254780377396e-64, -2.34233991731727e-171,  5.10440564147476e+22, 1.79337501578211e+180, 0.0986096578348316,  -1.04258981104207e-141, -1.17519704451145e-56, 3.73614126390815e+73,  Inf, 2.70851203458074e+274, -5.43612053077088e+286, -7.66873470253901e+241,  7.69454442781792e+211, -1.09340007493857e+210, 1.04938458451716e+224,  -6.12384623899611e+215, 1.31029262749271e+214, 4.2246409276227e-309,  5.8293423955387e-32, -1.12457159987571e-239, 1.20632286823535e-222,  3.76334082434468e+292, 1.56154202247654e-34, 3.70869627848127e-143,  -7.11992638647167e+34, 3.00085858613741e+133, Inf, -3.6460157043576e+215,  3.57345592642116e+252, 125.030701783328, 2250430.99686937, -1.7232129536256e-258,  1.46775400265432e-116, 3.53700818434818e-118, -4.30106979196366e-89,  -4.14377236090283e-140, -1.27730863456943e+269, 7.6776168216798e+266,  -3.20924022326536e-169, -2.15859443247621e-42, -1.82063854300469e-25,  -1.66933929803476e+97, 8.58078155003618e-233, Inf, 30078766217677140,  NaN, -1.79858133351941e+69, 1.04306969687114e+123, -4.42507160317218e+171,  2.88041294734438e+298, -9.96435642476774e+303, 3.11476174586225e-104,  6.20498873569419e+97, 4.57715508603734e+195, 3.47836520845914e+239,  6.42305661091388e-123, -4.14114996098975e-157, 2.5217347902144e+225,  -4.89482776985477e-278, 2.55491230286305e+33, Inf, -3.26900534653526e-22,  1.29951265171661e-112, -5.11574080572954e-135, 1.53133752963614e-169,  -1.73147782592845e-138, -8.65397474907428e+152, 1.15004474470183e+231,  4.70342146970609e-219, -1.11292984397141e-228, 1.41812664007201e-203,  5.56189042756448e+106, -0.000140647062303805, -6.00463044988716e+29,  5.39901132922583e+114, -2623875170275.13, 0), us = c(4.20459269089522e+73,  -Inf, 2.13705132142611e-74, -2.59453073700907e-272, 3.60947157090624e+275,  -3.33053471044375e+46, -1.43542136909363e+251, -2.04122663677259e-240,  1.40474445794014e+185, 4155300101197380, -1.24671926618208e+294,  NA, -170531871.477917, -3.28030941178709e-38, 5.06107851969302e+296,  -2.88760258022591e-244, 3.079703549018e-187, -7.58073884262273e-194,  -2.17672903426824e+60, 3.11505655218857e+276, -9.53808421422493e-205,  4.88955233270278e-146, 2.69739194615847e+194, -5.66987082571694e-15,  -5.26023367410521e-271, 1.18596369290011e-76, 3.47760466228087e-196,  -2.37967109261694e-19, 8.89138407833876e+197, -9.00183467818076e-234,  -1.5556246416281e-126, 1.60301417071687e+213, 2.82897738098728e+23,  -4.45308696918508e+21, 2.55692086727736e-95, -1.98904300211975e-144,  -3.82863508292228e-134, 6.23705071696688e+239, 1.02785989286065e-39,  1.92542339053407e+80, -7.47733135622294e-277, -2.31169122644812e+240,  -9.36014630951874e+260, -1.21489007135283e+287, -6.81137866651804e-77,  1.67341467181234e-93, -8.87626650453528e-159, -1.72799460401331e-28,  6.99042274069733e+92, 8.36856117339468e-227, 4.0879004549359e+271,  -1.89414730459069e-11, -5.98234506759301e-285, -4.00910779276885e-82,  -2.9775082793811e+304, -5.62997762905572e-226, -6.37264811072339e-132,  -9.60526535090576e+40, 1.46409923749912e+200, -9.2350508795145e+113,  -1.58264586759813e+207, 4.64903938867472e-179, 1.22072024038958e+149,  6.92329733792401e-128, 4.82195929006893e-282, 2890912.34488523,  -4.95294890091526e+98, -1.65236399338417e+189, 5.80894650291833e-253,  1.25997755177412e-73, 1.04290430453718e+303, 3.61698975350642e-224,  8.34567516191328e+84, Inf, 1464537439.91304, -1.79259085922145e-165,  1.38445314635134e+226, -2.9830082775381e-186, 1.66765858968383e-205,  5.17684732612531e-44, 2.04566370739138e+23, 3.92097146314463e-32,  1.98490625440897e+44, 1.43110861469669e-120, Inf, 6.23900122793799e-303,  2.11648803025703e+298, -1.39575962365561e-55, 2.0688481431781e+234,  0), X = structure(c(9.91950124440799e-158, 1.77954545793096e+295,  1.56901442033135e+44, 1.72982142817983e-76, 1.23540714349836e-187,  2.00424683007422e+164, 8.03718098298787e-136, 4.8828733349673e-93,  9.92893907888703e-111, 4.82833311360914e-208, 8.12009054251635e-225,  7.32943985110433e+262, 6.6172470957054e-21, 8.18309373193391e-80,  1.81754584872684e+40, 2.26734206496055e+131, 1.43137339100009e-86,  1.87376560095107e+44, 3.43155055544915e-87, 4.94089615881698e+292,  9.06509919877216e+102, 4.41228074226912e+269, 2.94343418865829e+175,  9.39322115024675e-56, 1.59498627768219e+271, 2.07517604150839e-46,  4.45776455696746e+163, 1.21195187336149e+238, 7.88689597743885e-186,  1.13169267257263e-296, 1.07283689692595e+102, 5.3795571481461e-263,  3.92360331900233e-189, 8.83439666231881e+258, 1.12887093125279e+182,  4.96646414616626e+259, 5.30701674207737e+90, 2.11707783459569e-107,  2.74022986523357e-247, 2.09032222784913e-128, 1.26190756136592e-260,  1.58827653467313e-164, 1.074955402558e-252, 4.00737521653102e+270,  1.19684799357497e-12, 8.80659186840977e-249, 4.7673280205438e+149,  1.52396217136794e+217, 9.29339311234464e+128, 1.82846503427041e-121,  1.03950966569072e+40, 2.53661210662673e-232, 1.54013661339058e+28,  5.63127159750166e+95, 1.12036490948057e-276, 1.17304164998582e+110 ), .Dim = 7:8))
result <- do.call(robFitConGraph:::CapplyB,testlist)
str(result)