testlist <- list(test = structure(c(2.35340252960987e+169, 5.10916285568559e-37,  7.00878174457641e+59, 9.92638126067377e-107, 1.54032249205781e-284,  1.77480583118568e+269, 1.43927439510869e-254, 5.50846483806389e-307,  2.97680970872077e+84, 2.21834346846905e+208, 1.18076553095989e-92,  1.05526615223729e-61, 2.64836365909316e-200, 1.97763770277943e-178,  3.42796893026004e-228, 8.91125027050722e-308, 4.0939168405695e+304,  1.12893196924533e-249, 8.45834735938384e-245, 8.82057097590805e+185,  3.04969185023195e+151, 8.12133638568701e+297, 8.78883625793136e-126,  8.60999552102314e-184, 1.27379795173597e+126, 1.28812415204882e-119,  7.08273425760151e-91, 1.96975829190518e-173, 1.25721485422621e-198,  2.83904298815402e+40, 3.60975729757258e-198, 5.93494210537565e-118,  7.22423299080481e+266, 1.17043484678525e+225, 2.58326689730099e-184,  3.94328703878569e-144, 1.57551087981006e-173, 9.53944899152503e+137,  5.73160705890347e-137, 6.42418248772494e+60, 3.5971911721226e+66,  8.07301218014523e+264, 8.98426456456636e-100, 7.69118241652863e-89,  5.29807274191954e-178, 1.3001648330281e-48, 5.70021242682774e+286,  2.84596000400763, 7.60454196542128e+205, 5.0272187207729e+138,  5.03273657881106e+276, 1.58284721802698e+137, 1.21412915326829e+195,  9.49908616313932e+303, 4.43357744173492e-179, 2.28282345798064e+174,  6.40203858679071e-188, 4.53038436910448e-187, 3.69745437220144e-99,  5.54562007696139e+109, 1.81118563962046e-160, 6.01955026326565e-98,  2.65500795809248e+255, 3.74040746978703e+274, 6.97207452232278e+215,  5.90823293855481e-34, 1.03835094460301e+132, 1.73814791180825e-185,  1.59715564926117e-257, 1.55211885156456e+68, 6.70897280566182e+46,  1.32055963401299e-217), .Dim = 9:8), train = structure(c(3.58599024690019e+100,  2.21212598004636e-25, 8.1999875401885e-112, 2.53256098838537e-137,  9.61865405358441e-251, 1.33696214885999e+226, 2.33413702304459e-207,  1.3425713647763e-31, 2.95767597902642e+230, 1.93432956473634e+304,  1.2180372519358e+190, 4.83349819910799e-09, 4.7625588110728e-23,  5.80489441454142e-250, 6.3083720074821e+234, 2.55172255451104e+249,  2.58291657011201e-55, 4.06233406444231e-205, 3.84149116768149e-62,  3.51768761289586e-241, 2.71073758688246e-31, 3.33886747905316e+137,  3.86412886525799e+108, 2.22543042647792e-159, 1.07060216449824e-162,  1.14555087473691e-181, 1.50792629314029e-27, 3.05441184450897e-170,  6.13447544124233e-173, 5.31997313429183e+150, 8.2568225420404e-236,  1.55081784597641e+222, 2.59861668700389e+65, 2.3100016276421e+50,  1.24112947965131e+151, 1.58990083037827e-279, 2.92506710197562e-15,  1.83566143120527e+221, 1.14230050541663e+101, 3.16205621398027e+153,  4.65630186721673e+29, 6.43687788445997e+296, 1.1439067672066e+99,  7.08666916097375e-290, 9.76741196967734e-231, 1.22644567562294e-63,  75513374668219232, 4.0026049532518e-120, 8.18292064597553e+261,  6.41751737205392e+150, 4.06879659578876e-29, 8.21511188639916e+183,  2.96077147471332e-185, 1.39761603212182e+263, 6.93831845624958e-193,  2.04015623740475e-20, 1.1913691745389e-57, 2.16337581794529e+193,  56495940507.9112, 3.23319650249395e-227, 2.15439705163429e-124,  4.67285415441796e+100, 2.46619281964433e+138, 1.42887472984648e-29,  5.22495924717697e+83, 4.98712806301588e-120, 6.71227624448198e-161,  3.11212978213957e+205, 6.24843128953075e-37, 4.19580304023304e-170,  3.48745913108015e-134, 4.72552334917329e-253, 3.45355153969372e-184,  996536388859929344, 6.27357643909037e-202, 8.02569773395654e+81,  5.60759965632214e-83, 3.47943511474258e+65, 4.41635144784245e-25,  6.13284453775902e-209, 1.30983010958731e+180, 3.9488004980919e+150,  1.92572594769034e+275, 3.06045936164541e-06, 5.4157918501721e-180,  7.35867226598421e+139, 7.21092914832217e-65, 4.38775201917294e-44,  2.02451454969711e-199, 7.03545295367818e+146), .Dim = 9:10))
result <- do.call(ipft:::ipfManhattan,testlist)
str(result)