testlist <- list(beta_tol = -2.79756479039231e-248, beta = c(-8.20918866662634e-196,  8.08085397924225e-255, NaN, 1.12491136815598e+250, -3.45329097920505e+258,  -Inf, Inf, 4.78605232762292e+109, Inf, 2.29013520567251e-47,  5.04400974620143e+140, -Inf, 0), eps = -3.24941964715277e+297,      gamma = 2.14470086971152e+273, lower1 = c(-1.36637676658912e+130,      5.15706875371265e-165, 8.70570634845722e+101, 1.494394240137e-138,      2.65976677403056e-25, -1.70861577507925e+300, -3.61831920580663e+111,      -6.85014159786188e+251, -9.53484611393976e+225, 1.84033459146182e+34,      4.17795991348531e+181, -3.84155006789089e-213, 5.2719705720911e+211,      1.26526148601746e+268, 1.93700057442335e+164, -8.62442764343466e-06,      -1.73523559813364e-184, 3.97771040745531e+93, -3.28380968731998e-71,      2.54335813162893e+296, 2.55988580003963e+114, 503309409708462,      2.80853367569739e+296, 9.22551418738672e+111, -8.36617069307534e-256,      1.74222401161979e-221, -4.54461270494257e+70, 1.68081155202381e+152,      -2.44249173646253e+91, 1.4663202466888e+227, 7.02531124111404e-171,      6.23775212696001e+283, 8.49240168878597e-262, 1.00333904237875e-74,      3.05221015424709e-17, 3.80089249064488e+274, 2.58248307686191e+141,      -8.31035147436276e-170, 2.6068234597061e-175, 9.97498045655483e+170,      3.12989848911561e+203, -2.10733316271681e+238, 1.35989412423915e-18,      -8.96180042509102e-170, -6.56877006726177e-40, 3.51078425115816e+255,      -2.1534200687437e+248, -2.66332285997838e+65, -6.87142395112435e+124,      -1.07663508607988e-144, 1.52909886877928e-300, 7.63294632966052e-274,      4.0034806650571e-11, -8.64244138994049e+102, -4.74697083405726e-102,      -6.36800314662311e-185), lower2 = c(-8.0026079513077e-243,      -3.69190379185592e+67, -0.473314196735313, 9.62170953565631e+202,      -3.51154651202914e+247, 1.82567694346624e-35, 5.5772357066007e+208,      -211387484712028, 4176594.71512837, -1.49013040741336e-270,      1.47113514408586e-140, 4.40126919860367e+216, -1.29959671426824e-31,      1.76569933422775e-153, -601535673562.956, 9.12344488515541e+176,      0.000890438715319804, 2.02816954447841e-108, 2.32339076434377e-241,      -Inf, 4.67196601568927e+203, -2.09189900449801e-282, 4.14996862487685e+223,      7.87643743619454e-221, 9.007118239422e+114, -5.09616776272607e-20,      -2.46781596671773e+236, NaN, 5.71260077808286e+169, -1.77244743278426e+105,      3.12174922273452e+61, -1.52806616132056e-190, 7.41202253048063e-58,      -6.71924448609584e+294, 2.26162623218276e-80, -5.05717680792059e+59,      -1.62788683740859e+56, -677559555824494, -2.17220660925364e-212,      -9.9722375616737e+171, 1.13804672408732e-180, -12130181.1288675,      4.26232659870254e-103, 1.27584310375834e-256, -1.81133189576693e-31,      -1.61246665840102e-54, 9.9298194115968e-267, 2.49352100578765e-139,      -1.49013040741336e-270, -1.35106098179144e-56, 9.03855528109786e-172,      -4.22035487711521e+275, -2.35199780958881e-62, 2.53329994532853e+56,      NaN, 4.99773271345856e+301, 0), lower3 = c(4.13058564756424e-295,      NaN, 2.18160533923146e-276, 1.0374903839124e+120, -3.3571814762459e-64,      -4.22285410835145e-155, 2.54737976891332e-183, 1.35382095575856e-303,      -6.25657388464506e-109, 1.62538493936469e-175, 9.02476650232823e-43,      NA, 4.86063764481101e+193, -3.38256164005993e-180, -6.4436141650052e+53,      -2.01705420707791e+187, 2.47443261415216e+119, -3.69612980598383e+151,      NaN, 1.00924039870869e+245, 6.09878611682105e-205, 2.15267824975637e+172,      1.88905901257327e-27, -1.270929924623e+184, -Inf, 1.71658918833801e+248,      -2.50683390258744e+22, -60677.0946625291, -4.86018174944041e-73,      1.09176291601266e+110, 9.10052366836819e-49, -4.59134279594624e-196,      -4.06624762034023e-75, -1.16084345341539e+144, -1.25175261527694e+70,      9.30410261223084e-241, 1.5927819684923e-39, 1.74672599391488e-159,      1.60717387677922e+307, -2.6426431594741e-36, 1.23355342148766e+130,      1.50342693966887e+70, 9.65240216012639e+192, -5.05375597305537e+61,      1.15336762370937e-130, 2.57930362651038e+56, -1.75999016611334e+126,      1.97935809107783e+119, -2.62666699138399e+86, 2.50287122265332e+161,      -3.39789057465175e+112, 1.21459143176389e-211, 9.00370515203969e+58,      -5.07879357335494e+57, -8.58528035536136e-198, -6.86669550429375e+142,      -7.83899978501497e-36, 6.18286370164935e+152, 9.0519277802521e-133,      1.1860538704049e-258, -5.05073210680026e-25, -4.5859649947686e+108,      0), lower4 = c(1.73260351343809e+87, -1.8446314260482e+194,      -3.09572856369787e-66, 3.87644024408315e+277, -3.6784723959376e+223,      6.34608918584821e+227, -8.31645230287626e+26, -1.25530875961484e+120,      -1.72336915424399e+168, -3.75459928534258e-298, -1.08506918858552e-62,      -9.48395095351973e+75, -3.83155590244206e-83, 1.33399263929906e+172,      -7.38150352678619e+262, -1.81386292302949e+67, 1.19429282697496e-21,      -7.7743800773155e-196, 9.3015256626139e-35, 1.21484760033967e+96,      -7.69290869157609e+25, -6.4572356801725e+72, -4.67887724152681e+151,      -5431259785991887872, -5.28019635554274e-61, -5.43871706265792e+69,      -1.31660808108184e+308, 4.48263087212898e-107, -3.99522496874742e-68,      -6.91266308983456e+292, 9.07672035535894e+108, -8.31222919883883e-12,      8.77203349301526e-133, 1.40765706686604e+127, 2.79117604444434e-260,      -3.98065978212296e-31, -4.7708844735946e-244, -1.27677226785747e+76,      -2.52993638956782e-150, 4.32913263474173e-152, -4.37111672873782e+283,      -1.32177229157557e-287, 2.78238360057187e+296, -9.32009985685067e+150,      -2.01868892504457e+43, 8.10130413680826e-154, 3.96715496673296e+118,      3.70648066982289e+238), lower5 = c(-4.39612726577813e+306,      2.4474778243766e+67, 1.79047322605227e-41, -1.10806392503736e+194,      -1.2896242460715e-164, 3.29864365679135e-82, 2.87693567584697e-33     ), maxiter = -9.04656956048687e+289, pi = -1.56150445700486e-299,      shape = c(-2076391578L, -2146136927L, -9428150L, 1520036990L,      -1852751851L, 1844863990L, -709423862L, 1693996265L, 874270644L,      819746351L, 1283029671L, 308684195L, -127551131L, 1528585009L,      -748078280L, 1636835733L, -1401926948L, 1285557401L, 428228651L,      -328872220L, -897103578L, -1549445257L, 244494191L, 584058062L,      1078897549L, -289987065L, 1030107689L, -889123179L, -2007516372L,      -65887478L, -1521321529L, 578721378L, -868094021L, -132791755L,      2079678022L, -160637826L, -996693312L, -1437742257L, -1622927679L,      -1028905841L, -317502747L, 688659108L, 24767479L, -439912791L,      1579182600L, 1848989453L, 2037305148L, 452184840L, 102100271L,      554226723L, -2118182298L, -2037378844L, -1317343969L, -1354486744L,      -1292147507L, -298854923L, 1153573990L, -889681589L, -1214008771L,      885138149L, 1007617259L, 1395659526L, 746115866L, -1482158100L,      1781813813L, 752582884L, 2117214642L, -196896976L, 1385896870L,      -869290760L, -1484844466L, 656554641L, 1452066434L, 1732732646L,      2038995054L, -886006242L, -876952425L, -378499184L, -274538986L,      -1004951782L), theta = -12077746961269.1, trunclower = -7.3529571874358e-255,      truncupper = 7.06757074449039e-268, tsplice = 4.55019448175473e+291,      upper3 = c(-3.47827850293374e+24, -6.32331621934548e-262,      -6.94149402572426e+240, -3.64767806100063e+289, 5.35999294638035e+113,      1.20004710252962e+261, 961143.117944933, 3.68744868169267e-184,      -1.09389480080953e+104, 6.31096591536693e-177, 3.06497340907627,      6.02589856475016e-14, 5.01756595031833e-87, -2.13498142502434e+141,      1.25617130911575e+277, 1.1437289148907e-86, -5.93413657666805e+50,      7.80833360511367e-185, -380.376707376357, -1.56240694983469e-197,      -8.18323273600628e-138, -1.23047507019948e-289, 1.67877104207064e+175,      -1.2012425576463e+55, -2.01394701200203e-283), upper4 = c(Inf,      NaN, -2.37456647433599e+122, -2.55923742421055e+140, NaN,      Inf, NA, 0),