testlist <- list(x = c(-1.57389842530246e-176, 4.52044537983557e-37, 3.18996978048374e+150,  -1.48189137524737e+268, -7.50266500863978e-256, -1.25262205927428e-302,  -9.83170070653503e+148, -4.62745223746882e+105, 4.11664867450127e-56,  -8.05001520280345e-89, -1.27393592161634e-167, -1.09145612686307e+242,  -301102.716738051, -2.34121678400324e-93, 2.89599143883655e+117,  -4.14654675659022e-168, 7.04515825505134e-177, -4.37745304200546e-278,  -3.35235334161489e+303, 1.00056304279696e-273, 4.98619906422826e-135,  -1.0076385510861e-50, -Inf, 5.29328494883274e+54, 9.24951744640236e-98,  1.76081065592874e+131, -1.63915225711725e+162, -1.84054800598161e+293,  -9.23941127787523e+69, -6.49012601131752e+241, -1.76680135406625e-50,  -3.32390000325912e-236, 1.48052577104573e-172, -3.80950329047983e+271,  1.48359864025915e-276, 9.27519504312124e-228, Inf, -3.32221223867094e+112,  3.32565350516227e+98, 4.94222913992531e+170, -3.17529606671795e+298,  -3.86738752082056e-174, -7.45706422355439e-250, 2.48995586883237e-107,  -9.3117363608036e-281, 8.38671979857884e+75, -5.9374413158778e+120,  1.42466187591469e-12, -7.04244924984617e+197, NA, -3.52106097954243e-28,  -4.17606868481684e-72, -2.93525938545131e+244, -4.39423210725186e-08,  -9.43516062241981e+250, -1.83228900089889e-38, 7.58037286381136e+43,  3.70074509762065e-309, 5.35611556038088e+106, -2.468590809844e+254,  6.80136515129248e+100, -4.59908333286818e-10, 1.46958062261771e-185,  0.0776540485979243, -1.1539167893398e-188, -2.95268645775923e+122,  4.52919848945506e-185, -2.59573983316274e+64, -2.30108979650926e-88,  -7.6400334290274e+85, 2.34051984816812e+184, -3.44964880766621e+189,  -75610580782329504, 1.76371458579567e+62, 1.1657331522598e-211,  2.32709199781228e+49, 5.98148261737128e-139, -4.43464229841984e-150,  -3.56150252972474e-137, -1.10863657975074e-285, -1.57659616616197e-248,  -Inf, 0), y = c(1.55057710899075e+58, -4.59720114727334e-117,  -3.17118396158407e+244, 4.96228727314901e-130, 1.45137227451004e+280,  -5.85995021559716e-71, -2.92371389138792e+109, -1.10223545251855e-29,  2.25287669281492e-40, -6.60118587721609e-199, 2.46780466435358e-244,  -Inf, 2.41843708809658e+200, 1.92854395128159e+74, 9.60343262277929e+270,  2.24855453465937e-304, -8.1110832211062e+90, -2.36599161327935e+146,  -4.33314154337891e-50, 1.073325995039e+217, 6.50686474647229e+270,  1.34598665355137e+60, -1.49408924837454e+159, -7.12320980523585e+251,  -2.38339016345819e-155, 4.60802312523528e-223, -Inf, 2.06890019269156e+269,  -2.76616264119511e+50, 1.65324333272561e-110, 1.01314883803007e+80,  -4.56864763782963e-234, -1.9623734481943e+234, -2.77120049043053e-26,  -1.68411141364555e-271, 2.41562397350834e-110, -2.19687619152835e-201,  1.95277757261087e-228, -Inf, 6.08667701803118e+174, 2.60216812108265e+284,  -5.45853454356741e+119, -1.40916185538266e-282, -9.0791837497357e-200,  -2.51276157860489e-168, -2.07582906861807e-267, -3.49332741148028e-66,  -3.32273531578736e-80, 7.80680844251372e+167, -2.62333366220642e-115,  3.31675170052271e-57, 1.44886405773166e+285, -1.78879319339151e+273,  9.29850581174666e+233, -1.07595491592627e-255, 2.25238291253349e+233,  9.65175026913794e-210, -3.68286151235678e+77, 5.51611630494133e+196,  4.60802312523528e-223, -1.14267262294521e+180, 2.29639289123846e-162,  0), z = c(-46196.893825531, -4.42580833645225e+290, 2.83552387387732e-214,  -4.14420317152325e+102, 4.96218144218597e+38, 5.42895271065737e-127,  1.66108829288209e+127, 8.88641808598316e+35, -1.06840080957952e+78,  6.2851353291161e+19, 325793.68021771, 6.35249273439012e+264,  -5.89469835838509e-87, -2.83947220159899e-188, 2.2945864842122e+156,  7.20226320193693e+287, 1.78206053057187e+62, NaN, 1.30049574887286e-263,  Inf, 4.3150095837552e-252, 4.0813974973284e+124, 0.00156756054030354,  -2.63123224976196e-222, 7.35344520153335e+203, 5.29147484840539e+235,  -4.07784800530084e-29, 3.75338473341614e-267, -7.39320910966852e+228,  2.81886345481567e+74, 4.026652141598e-66, 2.84899430221431e-203,  -3.46588112382395e-237, -1.4784303113968e+295, -7.78404236850052e-20,  5.29147484840539e+235, 1.56758004520276e-184, -1.30704193718977e-41,  8.0353700214456e+210, 7.85195978594733e+102, NaN, 3.33698617061476e+184,  -3.06636532599825e+91, 1.41580571243618e-89, 7.92893586485577e-67,  8.38961049509085e-240, 0), accel_input = c(-1.83239237735207e-102,  -5.44276336536616e-211, -6.75955167444112e-40, -1.52479119309833e+164,  -2.59511698911285e+210, -1.30659935128959e+169, 1.16832778286469e-178,  -1.8321358789538e+283, 5.71887565703211e-76, -6.98063151556246e+74,  -5.47405227974676e+225, 1.7875566079245e-156, 1.73354219925383e-61,  6.0388381697322e+172, -1.55126597453789e-37, -3.46226835632025e-98,  -4.5980753909861e-175, 4.52173244756291e+34, NA, -1.82735744489759e-37,  2.20822409097156e+72, -1.96006844987876e-267, 7.45572575587726e-117,  -4.48805777266883e-178, -Inf, Inf, NaN), samp_rate = 43691040L,      vector_size = 965044073L, k1 = -4.13946677028134e-223, k2 = -3.71007670628958e+295,      k3 = 1.4061769035493e-111, ncores = -1755496365L, l_const = -4.95189684683758e-06,      mu1 = 4.49513977947164e-300, mu2 = -1.33142090207326e+23,      kappa_opt = 8.80340302367038e+292, logK = 4.65423890542505e-85,      log_I0_kappa_opt = -1.25002341584222e+182, log_const_vmcos = -1.69915467755826e-87,      mode_1 = -1.98758422395412e+217, mode_2 = -3.81848449929176e-199,      n = -164577095L, unifpropn = -2.97532338484649e+69, vmpropn = -7.72721898928751e-16,      I_upper_bd = -3.90273034706978e-168, log_const_vmsin = -2.76332369871508e-256,      k = 4.2913428360563e+257, mu = 2.13936278438989e-92, d = -6.39286543938038e+143,      m_x = 176952321L, m_y = 500925017L, m_z = -1070372876L, proc = -1264669460L)
result <- do.call(BNSL:::empirical_cmi,testlist)
str(result)