testlist <- list(mulog = c(-1.15882565116255e+75, 1.14137417417239e+229,  -6.28638988556811e-236, 3.38635232160172e-202, -1.806730216402e-99,  5.20168933730653e+73, -8.39128497824457e-45, -1.29803306287434e-285,  7.26358330342889e+213, 1.02138751481756e+50, -3.19151670598428e+84,  5.74816969177996e-39, -2.4268232985643e+246, -1.95861131460319e-171,  -1.43184423893207e+185, 9.83591365897517e+129, -5.66985598078638e-303,  -1.95391802621707e+134, -1.40541879880803e+267, -7.2391865676797e-91,  -1.02377147615133e+24, 5.15010629185837e-258, 5.37030819396365e-39,  5.37030819396365e-39, -2.15643233738544e+57, -1.60336495193832e-195,  5.37030819396365e-39, 7.14617831625631e+299, -1.53100700828549e+144,  5.10592163372037e-90, -4.87853789223198e+180, -4.83338616973157e-225,  -7.52663314902611e-304, -5.83934695365335e+237, -6.63145929736155e+304,  6.30111531026716e-98, -357267043313266, -9.47915691727349e-113,  -3.55608556994962e-38, 9.2913925947896e+179, -3.47548842181724e-276,  3.64034440197339e-233, -3.54451409967482e-55, 989862538432813,  -949977.322753124, -9.11933797634608e-61, 1.0741699979696e+278,  8.48436709812989e+145, 1.28712515849526e-214, -2.30502641194483e+114,  NaN, -4.61752096869552e-227, 5.37030819396365e-39, -1.48209196933618e-189,  -9.2414743507955e+209, 2.14464110867621e+33, 6.65377126600245e-81,  7.45837589086844e-146, 8.6352844960075e+169, -8.81740479601713e-274,  7.64313452058739e+264, 4.34899063415081e-150, -2.0254915981271e+99,  1.12540140766729e+270, -1050099144041398400, 1.20472612637043e+174,  6.41999457593559e+268, -6.18837768671258e-200, 1.10901092210065e-206,  -1.72423506523472e+270, 1.0463900135578e-254, 1.53497473210227e-186,  5.33610690361278e+267, 2.85124986661137e+22, 2.05356985111821e+65,  -9.02276235406668e+132, 3.55601828861091e-127, -4.38146666656119e-76,  -6.33700348723053e+102, 2.86776370517707e+113, -1.99687396391075e+254,  -1.39274876803452e-40, -5.21350787685031e-54, 0), pi = c(-1.8751994716504e-91,  -2.77978787093637e-05, -6.44740514601238e-123, 3.61039311969602e+37,  -2.21952554532539e+21, -3.64328397848782e-68, -1.16335266056346e-213,  -1.05564953366511e-95, -1.58100832417238e-270, 2.13406874098634e+275,  8.09571378061577e-32, 1.68874469294867e+268, -1.1914746068206e-51,  -6.7705601662163e+294, NaN, -1.56718493049008, 2.48621416485688e-306,  -5.94433539881206e-204, -1.68269195619883e-106, -4.59328540189735e-239,  -5.99831638796157e+283, -4.53228408290184e+119, NA, -8.91158283742564e+56,  2.76176376153148e+68, 5.88289730730537e+222, NA, -8.28160441254773e-87,  6.37088454446198e-69, -3.52582662876798e-161, -2.74542687394569e-142,  3.63348767737832e+54, -5.53697790428264e+231, -Inf, 1.63634138357101e-265,  9.13061927346764e+295, 6.57677512336704e+274, -2.07735632307453e+28,  -4.51909783696232e+110, 4.28191447600158e+126, -4.95124875506011e+224,  8.02644707405774e-178, 1.79712868970804e-35, 5.52347897515427e+164,  1.96890967782723e+268, 1.60850802343897e+23, 8.51407134223943e-276,  -3.58060462535434e-54, -3.96776637317205e+163, 2.36411989497633e-207,  -1.22910526130342e-247, -8.37042415478049e+211, 4.03410689712362e+50,  2.13642540039449e+38, 4.95443815894834e+129, -3.08213445891672e+103,  1.18438977903456e-262, -7.65391596977803e+266, -3.97339484450753e+220,  -9.09822470848934e-56, -1.9446474854729e-252, -8.55675323533666e-228,  4.3573993429333e-63, -2.63446591621673e+147, 1.95999694808986e-137,  1.05946892064587e+75, 6.52070061446879e-144, -1.97533901708428e-39,  2.33163037619327e+20, -4.55193043704803e-107, 7.79771575172675e+122,  -1.55599679835527e+227, -2.02482886081443e-248, -4.73974558330542e-146,  1.36158262075925e-09, 2.38256127866238e+191, -3.59250786123491e+285,  2.67441109142154e+202, 2.29778890767923e-184, NaN, -3.12941334087714e-261,  1.11158093099929e-281, -7.93435850577637e-53, -7.80124529411674e-233,  -3.65679151489007e-21, 3.89528273652636e-169, -3.65868680874522e+43,  -2.68776270124756e-134, 4.25981507951735e-216, -2.12189095799855e+229,  7.3570816707357e-163, 1.28002694970084e+44, 0), sdlog = c(2.10907250474389e+76,  -9.4096137323905e-164, 5.69451257781811e+194, -3.40058889211256e+208,  1.05854117875155e-251, 5.69451257781811e+194, 3.69556153419037e-153,  -4.73803496099561e+203, 1.34129359263056e-64, 9.07269662475386e-26,  4.63518679445367e-227, -1.24775900439232e+76, -1.98797855758234e+245,  1.02395523077902e+26, 1.29134082899644e-136, 1.96263683180522e-184,  NaN, -1.77884838294212e+103, 3.78055918641797e+191, 2.42992845553738e-72,  -3.2399847257471e+58, -Inf, -2.62513077892852e+210, Inf), x = c(-7.30087247587154e-115,  -7.03748712760996e+211, -2.52255613269951e-61, 6.18236921443794e+236,  -9.76785834360917e+113, -5.11678459322886e-290, -1.46103477359482e+290,  9.39475273473311e-238, 1.84328940719173e-54, -4.71823409423726e-311,  8.8813135941337e+33, 7.08604124889014e-121, 0.0262282698581623,  -2.52255613269951e-61, -8.90972007304869e+150, 2.64618102820426e-14,  -3.63347802837698e-84, -1.12515161880094e+268, 8.70594652295723e+43,  3.67014500128638e+228, 3592837.22497625, -5.39534621793521e+201,  2.44973452818281e-234, -4.41018318672336e-178, 1.04019871188165e-211,  -2.22609979974377e+52, 2.71185369003359e-214, 8.76415768450064e-291,  1.15876920463562e-23, 2.29704109191677e+153, 1.26775534677326e-130,  1.4513734074953e+124, -3.76749298870034e+65, 3.96562150973057e+221,  -6.4442984928621e-133, -3.30337447423916e-227, -2.08206932155553e-72,  -4.78889848743941e-125, -1.22807912816785e-67, 8.48467613246493e-244,  -5.41766228715808e+145, -6.96304340864839e-38, -1.57761154278638e+205,  NaN, -9.0523232423241e+97, -7.49179680138827e-116, -3.59085573892628e+103,  3.96783060432429e-100, Inf, 1.61967932989496e+168, 3.59870947437434e-40,  6.94492544617928e+131, 5.34534634006918e+174, -5.74536365596806e-27,  NA, 1.50508441921373e+104, NaN, -3.46822425416498e-149, 2.94111193522185e-232,  -1.24830284686798e+100, 2.18673688769516e-277, -8.41061568368449e-247,  -1.24448014301121e-272, 4.62052647266741e-264, -1.52148480797547e+152,  -4.20190140945996e-15, 3.68773234494547e-34, 9.70580126346568e+33,  -1.15128998008517e-184, 2.63451701479783e+108, -2.04015043192558e-168,  4.96253328950828e-234, -9.57254264331643e+95, -3.30326111231334e+22,  -1.050531921736e+195, -4.33510495343338e+107, 2.82475401387588e+194,  3.81570131326628e+175, 1.37793918706296e+163, 2.45062142962756e+260,  -6.95167732960659e+141, 6.41905905321143e-264, -1.18282601230394e-28,  -2.88174710455131e-69, 0))
result <- do.call(mixR:::expZ_lnorm_C,testlist)
str(result)