testlist <- list(ld_obs = c(-1410167379L, 393718998L, 152384749L, 370754527L,  -1262166806L, 1211285698L, 809685497L, -1597434292L, -1146881582L,  447064100L, -1159917103L, -162221910L, 411931744L, -1085004817L,  -1745557449L, -1107393672L, -1568912708L, 586342620L, -806179387L,  1180594015L, -352010326L, 1491245807L, -696113261L, -2119562461L,  659939145L, 1220551959L, -1294737928L, 827086620L, 1343735465L,  -111109936L, -473996444L, 1785694097L, -999892468L, 654255320L,  -771632893L, 1294475166L, 1072056121L, 1189021993L, -1620275959L,  -619406688L, 2071243937L, 1943042630L, -783595233L, 1936309683L,  1325722773L, -470433918L, 1632406333L, 1629871580L, -1719042803L,  1526158123L, 1117538998L, 84371796L, 190180079L, 1252618667L,  -167909290L, NA, 1336986025L, -1491282710L, -1205886786L, 638128690L,  1593581992L, -1517136997L, 2063434254L, 19164752L, -734529157L,  1406035211L, -318387949L, 249316716L, -664398722L, -110618232L,  -1542833499L, 782824962L, -537952718L, -1109180758L, -385368329L,  -486316868L, 1786264163L, -531371132L), left_daughter = -469638059L,      rd_obs = c(1391530672L, 389823718L, 1556780139L, -680249145L,      -1817141063L, 959759779L, -1517764270L, -2016944166L, -1175352624L,      767997577L, -1874135705L, -1087558062L, -573699133L, 1070457316L,      1436759773L, 1779808035L, 121762868L, 128630423L, -172752972L,      -533920066L, -65961669L, -563994828L, 89461104L, 1791529841L,      159884816L, 845457191L, 396811255L, -723405360L, -231339056L,      -1725299554L, 2132086505L, -576562202L, 959759779L, 1704886908L,      1146975000L, 1042933808L), right_daughter = -912555523L,      term_cols = -1.33325325863699e-82, tree_matrix_temp = structure(c(1.94758689847621e-143,      2.07576458953379e-63, 2.0551944939693e-42, 8.98608837508698e+156,      5.50576379043309e-210, 69202.6508450813, 2.87654985955132e+204,      1.95922768186811e+304, 1.29193134187002e-307, 4.70008451179604e-287,      1.48641251148434e+288, 3.86681384999186e-60, 6.12257841903497e+247,      4.27453739256199e+125, 5.07990699720444e+166, 2.42922177041496e-70,      2.82922164963621e-72, 9.03723357730862e+190, 5.64163917323008e-129,      1.77811584749016e+172, 8312753194741178368, 3.47617852484866e-57,      1.15919797231378e-295, 2.04366625288737e+287, 1.03282288233076e-61,      1.81208460272322e+254, 1.41774586066749e-93, 4.83916956622105e-29,      6.18001838711782e+155, 9.38479241482494e+223, 1.98344708955031e+295,      1.77710730221395e+66), .Dim = c(8L, 4L)))
result <- do.call(bartBMA:::set_daughter,testlist)
str(result)