testlist <- list(cv1 = c(-5.26369149538019e+153, -5.77049913748844e+199,  8.94491153200418e-224, -1.13317236858005e-264, -1.71354221939578e-36,  1.06697892804715e+153, -5.69990451539225e+25, -6.28641323885007e+122,  6.5705330222511e-167, -2.21837045632867e+264, 3.65979666020449e+52,  -3.43953413019155e-209, Inf, 8.05454989690644e-141, -9.09528889648417e+264,  1.02084571509291e-104, 5.65939043520958e+274, -8.15111492761405e-199,  12200002952962.1, -Inf, -2.50454323018927e-184, NaN, 2.83159998997568e+132,  -1.11196894977889e+75, 1.3334457812707e+97, -3.85428468043869e-231,  -1.95159450909329e-187, -5.99845380554052e+20, -7.71178496393173e-286,  -1.20574248592534e+52, 2.20939862082753e+45, 8.23295321975463e-95,  -1.72806622300374e-13, -3.18952441471396e+179, -2.61982703083468e+222,  1.22439580684673e-45, -3.61959151898159e+199, 1.34641789265334e-140,  -1.64572034141002e-179, -3.51507229439945e+250, -145565462313.858,  4.68013068334992e+194, 8.50911114288852e+49, -Inf, -3.35252714572047e-261,  1.86196362146936e+219, 1.18971676575851e+121, -2.87368343494693e+277,  2.23225503832024e-274, 6.09956479980839e+145, -5.12602420957042e-287,  -4.34571954661732e+170, -7.11424465661382e+137, 2.48242410736649e+259,  8.0617614964706e+276, -3.4036119743466e+213, -1.94753096646727e+33,  2.21648932093901e+271, -Inf, 2.54754436523087e+33, -1.37920571695422e+271,  1.34525113339739e+79, 2.80340544382357e-257, 0), cv2 = c(7.34951572143252e+158,  1.18375568999115e-130, -1.25092225056581e+245, -1.11699184113772e-117,  -1.30487845723826e-182, NaN, -4.48775401495829e-276, -1.24965648614887e-301,  5.39930222953523e+218, -6.02911428150894e-137, -2.1942874084634e-56,  1.70899548206101e+31, 1.26116460033554e-276, -3.48917627359598e+221,  -8.35167614143772e+182, -4.89633370523665e-173, -4.28738151059298e+299,  -4.01122633963098e+158, 2.42582640913626e-173, 4.42161837304758e-244,  7.61805680288738e-35, -6.75116948650055e+254, 1.72422541462329e+104,  1.44340248516645e-244, 4.04775251401572e+297, -2.89388497719056e-240,  -Inf, -1.99550088869106e+202, 1.62878018644578e+299, 1.01394376395067e-272,  9.93681285843926e-17, NA, -1.3001631605813e+111, -1.02805515812197e+278,  -1.72702986450365e-53, 5.5551523250861e-219, -2.94023996615734e+278,  5.5131234467839e+144, 9.39244729335219e+145, -7.88041271531231e+40,  Inf, -2.50767757913564e+154, 5.18064178505099e+151, -8.84838719594906e-297,  -1.80155663433081e-252, 4.44761957217924e+46, -1.22805115027332e-97,  -1.20573316468017e+105, -1.23853512069189e-187, -9.01819044090388e-36,  1.67845066014699e+103, -1.22996095522869e-279, -7.3156806980772e-69,  1.74434947943935e-165, 1.17920268960171e+144, 1.23181060759517e+53,  -1.00798807378577e+129, 1.53968020914095e-45, -2.17657020273772e-305,  -2.54473153397724e+289, Inf, 4.61456932104957e-298, 9.92897189620668e+278,  0), cv3 = c(NA, -1.49172874797462e+144, -Inf, -9.57780604940828e-138,  -Inf, -1.59151104272225e+42, 6.55138418534574e+47, -9.18652480116851e+217,  NA, -8.39603684741746e-276, 4.09232975421505e-153, 11464947.7712968,  NA), heights = c(2.84392561339988e+182, -2.53788149993427e-187,  -8.3876908443239e-45, Inf, NA, -6.07326522141325e+29, NA), n = -2119843780L,      tmax = -591994603L, tmin = 1801182665L, width1 = c(3.08642996067562e+212,      4.56284253531389e-86, 7.90532973805452e+176, -5.48204836881838e+109,      5.24245986338689e-151, 97481434.256936, -3.34417288264182e-28,      -1.59808293577783e-167, 2.5838609625772e+197, 4.27105163958115e+307,      -6.30633286754132e+268, 4.78642910561015e-133, -3.99203581700451e+48,      1.0219403574459e+282, 1.89044858702399e+197, 2.21431264236537e-303,      1.78420571416929e+279, 2.55876000517699e-64, -4.11704511598269e+142,      -3.29279188750298e-198, 1.56968622705247e-12, -2.29010657669107e-123,      -2.10202134688047e+230, 2.22222401554921e-52, 3.76667715600505e+182,      -8.66637386017802e+294, 2.59448656704022e+189, 1.35239364854671e-09,      -2.16041220387097e-149, -7.9297626570166e-181, 9.33472302061354e-232,      Inf, 9.21318837515976e+240, -3.50425533258333e-42, 2.47198172418025e-19,      1.11073183896523e+168, NA, -2.6745133920275e+279, -7.55182862430543e-69,      5.47254990189992e-128, -4.30500505913595e-60, 1.81284286590002e-163,      10395200100254260, 1.05940474806875e-63, -2.99938179415191e+143,      -8.91363801062435e-141, 9.18464495353898e-103, 2.14482709162461e-128,      -107.54708794823, -3.78578228876443e+138, 1.35101787455008e-43,      2.21431264236537e-303, 5.92317275273379e-294, -1252037950284522,      -11631785507215202, -1.28635553828712e+167, 1.94737625294742e+253,      9.48648586707916e-196, 1.57726561459344e+60, -6.75257856715424e+248,      -3.4582132340158e+91, 1.01780329227136e+280, -1.22499581467262e-14,      7.70219056079101e+158, -6.67793744243422e+234, 1.89212088482041e-129,      -6.11840068936794e+296, -3.72964266018336e+171, -Inf, -2.97131426955786e-121,      6.32267114523839e-35, -1.33260105951241e+236, -1.59327427180302e+30,      1.4671738555026e-300, 1.92679331823182e-105, -1.03786355146214e+203,      3.46745294796453e+100, 3.12514642680892e-273, 1.50379911448062e+123,      -2.39659673242424e+83, -8.81359804257384e-57, -3.0561870777883e+182,      -4.29557373794155e+76, 8.45494164517191e-144, -1.27579198067571e-08,      6.11588105838544e+152, 4.05950717251524e-164, -4.91312860950957e-77,      -9.12252786381326e-134, 3.30119619790783e+159, -1.94195747562281e-117,      -8.29882108481319e+86, 0), width2 = c(1.44068654733168e+260,      -2.21323896524717e+183, -4.58907545689838e+70, -8.96683722847603e-71,      NA, 7.56366892548564e-274, 4.32568463015961e-131, -7.05918339301913e+249,      6.65933836536177e+151, 2.18701625051693e-113, -9.90855140654005e-64,      -8.91911992671584e+188, -3.81460402799034e-287, -4.54699786310988e-160,      2.53187227301659e+189, -928684222632761728, -1.09585303081409e-256,      -1.30072844113694e-177, -4.83320126255432e+215, 3.99944700514334e+250,      -4.00347037831965e-140, 1.53385355491474e+257, 7.05138880528257e+224,      3.70038910936668e+223, -2.0471116087117e+208, -9.3730839175399e+71,      -2.77704291146483e+211, 6.13328408861836e+262, 1.47676253470499e+153,      -1.08608476516543e+93, 1.96799505549822e+45, -7.39281774016534e-246,      -5.04390858741212e+129, -8.66372665355723e-166, 1.01788507251646e+277,      -3.61520670003187e+151, 1.29707596085309e+141, 4.93303141800338e+148,      Inf, 5.28784996984715e+237, -8068663837.22821, -5.02366139603117e+72,      3.51291079304099e+65, -1.52455570724159e+143, 3.8023210403961e-153,      -4.16163497019368e-224, -2.81244788052319e-110, -6.7566203216146e-222,      -5.53069834599294e-79, NaN, 8.24421914172281e+281, -1.03884737305709e+179,      NaN, 2.39356226902389e+41, 1.77615441966252e+137, -4.29869342082499e+104,      -2.81528672462346e+154, 1.9544836077064e+75, 2.72769344233401e-210,      1.79891753622712e+300, 2.50666871473404e-194, 1.16851920307289e-177,      -2.1097265126537e+192, -4.80934293816086e+56, 4.74416383556077e+120,      -3.21989726616081e+177, 1.42539244369644e+260, -7140122993248829,      4.87287044726449e-97, 2.2062473189124e+290, -7.93243374865923e-94,      -1.2817137700496e+272, -5.07815618123066e+22, -8.17277240348963e-21,      -2.4225085999529e-278, -8.96158863913609e+213, 5.70848163966102e-192,      -8.27201830418398e+64, -2.4503108024239e-276, 1.05051505465271e-25,      NaN, -7.06445122259455e-166, -8.00290059189092e+170, -0.000163780981309219,      -1.96262167632677e+282, -1.91176709945437e+197, 0),