testlist <- list(i = 1725364933L, initial_link = c(9.49563402192371e+60,  6.25820717299386e-18, 9.3973636089772e+202, 1.14366723306016e+21,  -1.81320327838063e+218, 7.4615916002399e+55, -2.88975574399281e-283,  -4.24342508913953e+39, 4.69446766252621e+110, -Inf, -4.5783291706651e+111,  -5.00562906051667e+100, -4.92151983288547e+181, -5.20170888075578e-14,  5.53888752155666e-207, -3.62805213850567e-175, -2.18868767408265e+130,  236599.038916475, 2.14274127239223e-269, -1.01654583230112e+62,  3.47675460614659e-105, -Inf, -2.97528394796304e+254, 2.82926437202523e+263,  -3955727180612698, 2.28051786617634e-217, -2.12272252227548e+262,  5.64004601347277e-34, 5.70364790836978e-255, 8.6631986765342e-240,  -3.02094781914312e+223, -Inf, -1.02883725355625e+171, 8.85543754747072e-24,  -1.14961102811481e+285, -5.3139000808044e-260, 1.63934867400757e-273,  NA, -1.38817157761911e+60, 2.08867154389687e-193, -2.4396958713786e+306,  -1.5807098886572e+103, -5.59469006815445e+41, -1.11249906993848e+278,  3.83132831647032e-110, 1.4428323663699e+301, 3.9080153630663e+273,  -1.46936073486657e+286, -7.23456472919248e-227, 2.23669124599961e-137,  -5.18056483592669e-134, -1.328179631494e+153, -3.1735527461133e+287,  Inf, 2.99498126935074e+110, 5.97828847250978e+231, 16708887183.9686,  2.87061685080622e-52, -6.97022248453959e+198, -4.63078790702329e+105,  3.18002387859956e+229, 1.0681550380661e-120, -8.38513613544539e+267,  0), j = 1972320886L, skip = -125740686L, w = c(NaN, NA, 1.67408256819486e+223,  3.02815605593863e+184, -3.83674836570342e-47, -3.18611945485482e+261,  4.83992280187888e+261, 2.70880309648447e+244, 4.41345432119368e-97,  4.82233630028444e-149, -9.46036815559265e+154, 6.03756814754636e-209,  -1.21767095149492e+74, -7.39134415391028e-106, -3.77806904991674e+37,  4.79291975549621e-27, -3.33828576069141e-131, -6.68089044988061e-180,  -1.05261420714576e-299, -3.86260358863792e+212, -4.81009358134187e-122,  Inf, -2.01384592274909e+219, -1.16281864773829e+93, -2.28261291480322e-149,  -3.94235872218855e-34, 1.60977694624509e+288, -4.58809189560116e-111,  -1.03572684278547e-82, NaN, 1.0717132473636e-43, 3.37316350727015e-98,  -2.84896039389252e+143, 0), x = c(-8.22096148888446e+36, -3.36513685867366e+183,  -2.82658850042571e+158, 1.21556804217499e-39, 1.81392360476676e+211,  7.5758426739917e+289, 6.04405984072897e-289, 1.11403592730204e+145,  1.35121057340844e-202, -3.1911859631638e+275, 5.78950067896903e-06,  Inf, 1.87260755108639e-198, -8.41322007308461e+265, -9.99238385157581e+271,  -308890550614789056, 9.07223424215254e+157, 6.55123676270609e-221,  -9.86562046707057e+113, 5.48248129198112e+209, -Inf, 7.13472799230699e-137,  -1.58478866978766e-120, 1.25811438621729e-299, -2.37290228985796e+291,  -5.82869870191475e+164, 2.24369453644854e-167, 5.081732981271e+227,  2.37506509928021e-250, 6.16200641641463e-226, -2.92020761214831e+60,  -1.09913972759896e+187, -2.6123247780353e-33, NaN, 6.90120843153864e+186,  -1.50367371400103e+168, -2.52379018244106e+65, 5.41293317292826e-76,  1.78007447147392e-299, 4.61582765440914e-90, -2.61201016324835e+243,  6.73431908306652e-25, 4.5217377242325e+230, NaN, 1.82033957152318e-259,  6892301308.24717, -4.3170295162339e-164, NaN, 1.87890367770427e-47,  3.25453951124858e+162, 1.65309162964867e+56, 2.19114478061064e+179,  0), y = c(-2.88650543133301e+96, -5.80584061047566e-263, Inf,  NA, -3.33831319725506e+203, 1.7336644372822e+220, 3.88717549839548e-235,  -6.61465388087275e+242, 1.97995513988632e+75, -1.42729799687295e+132,  1.47473902514247e+144, -7.72955579247757e+299, -2.31134758055691e-151,  NaN, -1.82534942685935e-234, -6.26823861138573e+166, 1.62506641358724e+25,  2.38183864625351e-267, 1.93276249412486e-11, 3.71258060320326e-262,  -1.82902740032681e-13, -1.07369230586097e+111, 0))
result <- do.call(RcppDynProg::logistic_solve1,testlist)
str(result)