testlist <- list(Eps = c(-9.57804568366e-212, 2.10189853902322e-146, -3.0386312246719e+111,  1.0015300692622e+155, 5.48808688325419e-286, -0.285796806779025,  3.04072249260674e-162, 8.52171475431224e+151, -2.56101348379959e-166,  -3.89638019146403e-120, -4.91734031415717e+205, -1.18677683165762e+78,  -0.0070579978543403, 1.01764283792884e-153, 2.31049250113662e-29,  0.000475019551220907, -2.14715942230822e-215, 4.73445540015647e-268,  1.61816297675879e-44, -2.2783741403394e-20, -4.81213600522781e+277,  -6.96077798240833e-217, 1.42246777598496e+132, 1.93259016145597e+205,  -3.62536543248155e+117, 1.1903241478315e-153, 5.15897917174239e+27,  12158178178.9569, 2.84037781763615e-159, -3.06676274066336e+159,  -6.00482328731923e-68, 13694881391845660, 2.57162677046587e+252,  6.98340641672913e+38, -1.34513928891861e-94, -7.62843731543439e+115,  7.93549018518072e-67, -1.56904429473553e-06, -4.51339867130122e-71,  -1.37339866931779e+162, -1.92924423519513e-299, 9.60971142229059e-207,  1.61135489440036e+23, 8.59320490538824e+240, -3.13105276077444e+129,  -1.55626135480187e+125, -1.69345675165934e+72, -3.72726049420217e+110,  2.44962578801496e+196, 1.26273368274189e+275, 1.21110423237226e+291,  -3.61009057836982e-292, 1.38479849806617e+55, -2.10570181709485e-116,  4.72677924666744e-137, 0.0041860451270603), Lv = c(682638080L,  -253612051L, -1583175625L, 997718001L, -418118808L, 1978179054L,  -498074801L, -938008848L, -933629512L, 991995356L, -1035136002L,  -1005916244L, 519181459L, -625900867L, 8195272L, -1792362147L,  -2086005314L, -893740403L, 128814028L, -1216710443L, 1837918535L,  1038812221L, 1745880829L, 985619133L, 1768913715L, 689291313L,  -1035207303L, -965390541L, 28867134L, NA, -1887368758L, 1080264617L,  -754721284L, 412954075L, -383101777L, -1616649568L, 1532813054L,  -614856085L, -619498212L, 1992082761L, -1079884072L, 1081324329L,  -1643653059L, -1413816826L, 381421042L, 370105842L, 579997336L,  1322508814L, 1982391990L, -1684414663L, -1598589109L, 1901417095L,  290945320L, 2046472717L, 1747460279L, -83704463L, 715859910L,  1141309412L, -1116327890L, -880625955L, -651229889L, 102745966L,  1206330690L, -353717228L, -1780753703L, -488980833L, 1357827612L,  1887762761L, -1275164487L, 491726948L, 911058464L, 945436109L,  906995480L, -379209926L), priorCount = c(2.48028769695567e+128,  1.81977326957772e-91, 8.72868732528511e-105, 1.02592543161017e+62,  1.23327161965818e+230, 1.04186461758253e-08, -8.92981247865328e+85,  -0.978626555777671, -5.71130873268642e-117, 1.72206506330693e-136,  1.30550421113247e-244, -5.03480096093107e-303, -3.02588612194812e+149,  1.19698706936075e+286, 2.41639082772843e-164, -7.35839911619416e-214,  -7.0172956479681e+264, -2.10534347608629e+235, 5.65780108301321e-211,  -3.55382812226257e-307, -1.71859904303365e-146, -1.5204782054853e+150,  1.47951539757314e-26, 3275319846595088, -2.80025885434886e+227,  1.70511801332388e+61, 1.13229789023651e-153, -2.19104224245724e+160,  7.73894090364282e+56, 694953712.139485, 5.8411322051019e-181,  NaN, 5.41919559362911e+224, -3.26616780765831e+22, -3.61801180595461e-28,  -Inf, 1.04046677304656e+207, -3.6763093625191e-69, 1.92430638783797e+304,  -2.54783489297397e+255, -3.35089318818035e+72, 8.10025615446989e+78,  -4.35803245378201e-244, 7.33766360642965e-16, -1.65729122766385e-30,  7.67481076491859e+144, Inf, 3.20119432918343e-59, -1.57939517967839e+271,  3.35419034392447e-218, 3.09581969478798e+284, -4.12287870525749e-196,  -6.7083069619851e+90, -1.15603236846106e-273, -1.73811285114842e-66,  -8.94587265417823e-253, -1.12391559079361e+294, 3.06853833880873e+59,  -1.82987742001658e-301, 4.2742538550215e+117, 1.22133203462182e+303,  2.41877518888279e+30, 1.59010880690145e+173, 8.34430859551606e+124,  -2.10162654210137e-204, NA, 8.71177294354951e+246, 1.89054601238843e-23,  -1.31449281603385e-141, 4.12515305384922e-193, 5.10381642366266e+72,  1.48856188071141e-194, 6.85517731631319e-280, 3.10449166673684e+150,  -1.32830248103119e-64, 3.6769376264889e-251, 2.54960887968084e-154,  5.96158477894773e-139, Inf, 1.88666733394465e+64, -5.11930237065884e-245,  8.85206430027402e+70, 5.30962521273722e+87, 2.26049777874292e-137,  3.94462601611714e-265, -3.02926915378927e+231, 2.48947035541347e-53,  0), qJ = structure(c(Inf, 5.33405194998669e-300, 7.71811116492816e+97,  4.21049655162603e-25, 2.92496365579807e-49, 5.33405194998669e-300,  2.24643951434374e-212, 7.64098496446667e-62, 4.73803511172099e-46,  1.53011175343205e-264), .Dim = c(1L, 10L)), weights = c(246583936L,  -1079050344L, 49753534L, 37686913L, -822602508L, 1591053158L,  878787584L, 742630714L, -164119883L, -423997720L, -1317296461L,  -1145752183L, -1387692533L, 503935315L, 123721430L, 123721430L,  814455830L, 1173028855L, 1722133025L, 1524607495L, 673715015L,  847551133L, 854406179L, -435877353L, -1868157482L, -1859334665L,  -763946964L, 1472345215L, -347617763L, -882853123L, 1324228660L,  -215331965L, -780576414L, -1524213385L, -1636719371L, 869823518L,  523975658L, -1678382871L, -486007082L, 862542340L, -491559288L,  -624951432L, 816016739L, 2078376602L), xi = structure(c(1.05414702709612e-68,  1.86446765666332e-211, 449058805123160512, 2.72550962279315e-214,  6.53679281395345e-70, 2.42643425911725e+241, 1.65686753146763e+24 ), .Dim = c(1L, 7L)))
result <- do.call(bbl:::mfwrapper,testlist)
str(result)