testlist <- list(cv1 = c(-1.35081895979783e-238, NaN, 2.49632022284126e-76,  -3.39042101635037e-149, -8.05110684474487e+137, -Inf, -2.31105017749811e+285,  Inf, NaN), cv2 = c(-1.28039715549631e+63, -2.38577037227768e+51,  4.44235926126647e+197, 1.35165004636484e+73, 3.67876609274004e-259,  -Inf, -1.92436301916347e-207, 9.68541975956276e-198, 8.9539531798501e+232,  5.80141351040602e+230, 1.11025058169471e+261, -1.85469526978289e-124,  -4.62352413140062e+214, 7.15068715232889e-244, -4.26459703755675e+260,  6.35370583401283e+23, -9.77730561323391e-195, NaN, -4.92939140351844e-135,  NA, 1.05880347980806e+169, 7.42222799100498e-31, -9.23794105016116e+122,  -8.3478500210225e-92, 2.93867095143478e-261, -949931561292685696,  7.26379477610586e-215, 1.17448223519091e-172, 0.000178560162823436,  -5.33253732213463e+146, 3.80746478510878e+220, -7.58429735539433e-101,  -Inf, -3.38845387359965e-78, -6.48186042026532e+214, 0), cv3 = c(NA,  7.21478939397434e-136, -3.33295175636003e+124, -2.46196784163983e-258,  6.84399194743867e+100, -9.23457718298767e-304, -5.31567184477581e-127,  121623436903123632, -3.44921713668377e-248, 3.90147515807777e+304,  2.45283086558119e-165, 1.17886474518477e-46, 5.35058232331425e-131,  6.0606841658996e+229, -1.7598628430081e-29, 7.58996649216666e+111,  -2.31712249456431e-284, 6.59949516065152e-05, -1.43355728631447e-245,  -5.58054158841885e+115, 1.36830442004086e-210, -1.95214405845505e-165,  -8.82523181991879e+254, 1.91742079280611e+39, 6.63693397914824e+21,  1.68304168878007e+113, -3.6690745430092e-221, 3.92332341095996e+256,  1.03786731880436e+90, 2.56304444823633e-59, -9.76519175138631e-270,  -6.79161141458546e-217, -1.14455220338763e-94, 1.54654327663652e-72,  3.76760026440698e+82, -Inf, -6.14813888234661e-127, -6.24930837828553e+272,  -2.27984370609941e+266, -1.37416243008994e+270, 3.83341654166229e-230,  4.65925328322229e-110, -2.05008023936867e+113, -2.79353793531208e+94,  -3.96168417965123e+192, -2.13114085782336e-58, -8.44265446542711e+64,  -3.74082871333131e+257, 9.72917215228174e-31, NA, -7.07381022980223e-19,  -1.33499721067433e+213, -2.02592503998145e+94, -4.9971362770305e-262,  -3.73487834348562e-07, 6752452815.55752, 1.45857810438814e+201,  4.67372496829552e+75, -9.76519175138631e-270, -9.56675805465394e-282,  0), heights = c(-1.19091086563246e-85, -1.04644526109197e+143,  9.55954920836292e-101, -3.22651255192747e-234, -1.37543449659157e+220,  1.88226492987313e+136, 1.8667142874279e-270, -4.97125465765101e-181,  -5.09385847938849e+118, -8.96765037771417e+305, -2.31625035204313e+49,  4.79317905819636e-308, 1.71464257710542e+255, -5.6733027436701e+278,  2.17387119978637e-154, -2.17036486445976e+194, 6.15495078931487e-11,  1.52779972837484e-50, -1.87197562393822e-203, -0.000146009753671615,  5.49705864329567e-186, -9.11077912790383e+95, 1.03719024236254e-276,  -1.70108036963783e-63, 3.52727896243445e-50, -4.48731280761936e-72,  -1.75631309834119e+216, -5.75343827758229e+304, Inf, -4.07993500934509e-63,  -1.06474659469474e+282, -3.92766618136495e-285, 2.45829013243351e+47,  -6.39895174432683e+153, 2.74814800394556e-167, 8.47966027795976e+108,  -3.50594105507449e+295, -6.79611839508534e-96, 4.42871109511968e-269,  2.04285660471215e+222, 6.59719603383873e-111, -9.30442192181894e-113,  1.29146243882234e+115, 1.78311608655355e-218, 9.63979906080982e+285,  -2.71889980071953e-90, 1.35066891485253e+21, -2.99956219168794e-271,  -1.41463511666779e-256, 2.37444103574146e+86, -3.13284966261532e+125,  1.28845767963008e+25, -1.1244853209938e-193, NaN, 1.00387653537302e+205,  -3.52495465162573e-209, 1.23426351958299e+166, -5.55787943371975e+124,  1.97250729198259e+210, -4.62702615047109e+67, -2.97985038920801e-218,  1.67894083708306e-164, 2.62570034707866e+270, 1.53622351365736e-245,  -6.24389953541662e+303, -5.17445122383139e+115, 8.60523262527359e+232,  -2.73179734445805e+81, Inf, 1.67288410710896e-225, -9.71858584038159e+37,  -Inf, 0), n = -739060821L, tmax = -1716744004L, tmin = -541158515L,      width1 = c(1.05295594619406e-257, 2.01305687735878e+284,      -4.41908646192798e+67, -5.84365322813988e-298, -1.47956784614645e-295,      NA, -1.93016273716429e+33, 4.97597158069118e-187, -4.17313945810594e+83,      -5.94274397404856e+146, 1.89327019836854e-27, -4.59970424344786e-12,      5.93791845469767e+192, 9.87671235476559e+194, 7.63553671881814e+262,      -1.0046208519271e+65, -1.81412344350872e-163, 3.29709196763445e-144,      2.12691425279455e+243, -2.65943764039527e+67, 1.05762407868176e-82,      -1.06485271353158e-219, 5.82333747281666e-09, 8.29849115447193e+236,      -2.71330095760852e+92, 1.07345663320079e+82, -Inf, 3.74792036012667e+260,      2.12186189407875e-129, -1.3461160450093e-260, 8.96088787240101e-244,      2.17903729714158e-134, -1.32654988939592e-72, 1.31115976582083e-247,      5.12526582372511e+283, -4.01901089389556e-188, 2.02457952774024e+235,      -3.49198757842806e+164, -2.13813964273088e-273, -9.76209474265417e+157,      -1.58320959032001e-83, 1.4210076230765e+170, 2.56404835868467e+206,      -1.36580322732444e-145, 3.45319982915341e+288, -9.18893009660501e+187,      -2.13321747771665e+91, 8.48869265397164e-42, 9.92017278290599e-287,      -5.21283846136235e-212, 1.66881352808744e+69, 403443056720.444,      -4.5491880602757e-54, -2.61940930075473e-27, -1.79902642144166e+85,      Inf, 1.52834370001503e-98, -3.16485592929863e-179, 4.27836694930537e-19,      1.90960579706017e+118, 2.10352100623606e-37, -4.34009797233642e-162,      9.59647261969564e-48, 2.07153299793606e+158, 5.08968320791224e+148,      -1.53738585062465e-07, -8.2609319933791e+176, -1.69139745569447e-269,      -1.31625907536946e-114, 6.27473400369043e-163, 1.70545975480562e+239,      8.83356573177922e+291, -1.40938834729348e-57, 909962797509.443,      -3.19034923005151e-103, 5.71644888587037e-123, -1.90383972780674e+107,      1.39682650961597e+89, 1.15936690641015e-186, 1.36060939740018e-133,      5.97280750452756e-120, -4.32749373276203e+161, -Inf, 0),