testlist <- list(failures = c(-4.54998279150104e-163, 1.58901204498862e-176,  1.1558135973509e-201, NA, NaN, -1.17133859459333e-151, 0), nsites = 1509085943L,      offset = c(-4.46016359213347e-291, -9156655583133716, -9.54001579799703e-140,      -1.65894885438213e-123, -5.38111880382338e-170, 1.09204425490963e-225,      -5.12120165864378e+85, 2.47580720279833e-285, -1.19179471375311e-91,      1.57648760105807e+21, 66764746542.3101, -2.60006708558354e-13,      1.79102041471135e-32, -5.12153030543595e-151, -5.36445351312476e-185,      -2.42086802702848e+193, 1.81426806770873e+230, 3.05614912054504e+293,      -4.85684621408575e-287, 1.37533028864485e-135, -4.64517402627748e+222,      5.45807532230254e+180, -8.84147396962304e-114, 3.0559831046452e+261,      -1.62059103643415e+72, 1.52178069393183e-248, -7.58436639741207e-67,      7.54647304029034e+74, 2.03549320144889e+205, 1.41446738432863e-84,      -7.54944537438203e-44, 3.90104870483436e-284, -1.56588318436702e+252,      -1.26563538346529e-277, NaN, -2.35374237293282e+209, 2.09707583857808e-68,      -8.02464150423701e-43, 1.42871657784761e-283, 9.25631190450228e-10,      -3.64709908892807e+109, 1.41914976350562e-186, -2.30047339248491e+65,      -3.3170282665939e-74, 1.52002139114248e+37, -1.44370880707504e-240,      3.69336749430675e+155, 1.44541647960204e-251, -3.43261113021253e+195,      3.32156577676647e+188, 2.9044782297953e-170, 2.03892237993269e+166,      4.31471629933673e+303, 1.72362414990961e+302, -7.64389393692806e+86,      NA, -4.77146581120776e+271, -4.19172034349843e-140, -3.46304815979797e-208,      -3.31628063235985e+75, NA, -6.19277847049919e-273, 1.00690116821856e-218,      3.19331013177203e+39, 3.73629679887002e-154, 1.0866514328779e+105,      1.73494169539432e+37, -5.33208104380376e-224, -2.55820491621507e+238,      -2.85386096205865e+170, 1.21882927936359e+170, NaN), phi_tune = 2.98992228385945e-102,      phi = c(1.31331087162368e-76, -4.26295830793559e-201, 4.07191210666431e-287,      1.332062900127e+167, 7.73385245280005e-54, -1.4935335023905e+34,      5.9324125635682e-182, 2.28180083275365e+173, 2.95373827999205e+134,      -2.43282438117865e-54, -2.54675532312386e-227, -9.602004958853e-92,      1.61198333171204e-24, 2.60947211932979e-270, 2.88812443327214e-54,      1.53083931886961e+248, -4.1968212732143e-85, -5.70537392810259e-152,      -2.39100133187692e-273, 2.0638181776165e-178, 2.68724487511332e-187,      -3.08993196769253e+119, -1.95506787003807e+217, -6.85210746061988e-103,      4.48820297608379e-193, 5.3326089653782e-56, 1.15141941697511e+158,      -1.20906932994092e-294, NA, 2.51279571193387e-87, -1.71561805831584e-223,      9.682015149885e-182, 1.19337353955435e-66, 3058.8896022674,      1.09040645831454e+215, -1.92175645464878e+185, -1.50920737633693e+129,      Inf, -7.13453309088506e+257, -3.18172158477953e-38, -7.21118740878126e+233,      1.68645553522718e+224, -Inf, 8.49319498244405e+263, -362153794179076,      -1.43669591653892e+297, -3.53674903646722e-52, 1.27458137289533e+94,      -4.2431778395393e-240, 3.44003427841692e-139, 1838876.53050497,      -3.08993196769253e+119), rho = 9.55972014476489e+219, tau2 = 2.253316999089e+57,      trials = c(-2.25558108380946e+249, -Inf, 7.92279116106701e+62,      -1.89640034163172e+292, -1.19144679181339e-64, 6.23029814505458e+68,      2.24594591030736e+45, 1.29683199819887e+63, 0.000783386914935356,      -1.76300986999854e+93, NaN, 1.89166414837601e+192, -4.02712400250343e-305,      4.55107166329824e-267, -4.28120749382554e+219, -4.31265502791799e-272,      -4.18968420765893e+126, 1.3356699713639e+106, 7.6417303477566e+99,      -4.93548085860323e-106, 1.46352611541998e-99, -4.02452574073861e-226,      1.37104505576215e+292, -1.83396328831894e+194, -6.05189325146071e-221,      7.02990557310306e+206, 1.67088379095002e+63, 3.39845361993592e+161,      -887464259292260736, -8.43473072495421e-156, Inf, -2.53034001635404e-275,      -2.70485538480621e+200, -2.73373523162149e-46, 9.63512476064421e+38,      -6.08543122904896e-196, -2.82411566928129e-217, -7.11084798933483e-247,      -3.23540057839978e-88, 2.04925665745527e+209, 1.90303150971598e-25,      -1.31504749219673e-104, -1.22613970211837e-47, -3.58880395929433e-129,      -1.76246387441538e+104, 1.15685270731372e-194, 22.8036880262252,      7.92947063724321e+47, 3.75635763683665e+87, -1.03284495756086e+21,      16115.4184346086, 3.25868842539568e+140, 2.37404852745488e-203,      -1.96010561473812e+304, 1.02632428466108e-248, 9.62109171655156e+206,      -3.00832098624521e+148, 4.32613694866097e-168, 9.49178893339788e+166,      4.4322309663908e-114, 2.5215867077566e-84, -1.12669062743147e+84,      4.75082910494194e-141, -6.96291534672147e+226, 3.47853522837804e-187,      2.0822311142105e+255, -1.93851643206476e-48, -3.32166044327857e-285,      -1.0560535274103e-14, -2.31670758132365e-188, -1.155449355822e+179,      -9.94699105879781e+37, -1.88856119999331e-276, 7.4429997023557e+283,      -1.09685334970198e-273, 6.4233307508873e-281, 3.64175391397845e+114,      -1.18135096256839e-144, -1.35499731060983e-196, -2.93601095667269e+44,      2.26402171636335e-297, 6.26311191319454e+100, NaN, -1.79655628537588e+24,      7.33421126773155e-209, 1.29316618567635e+303, 0), Wbegfin = structure(c(3.40119975312577e+184,      5.0641563851849e+25, 3.26322410055243e+143, 4.1076176666381e+180,      2.22151579428182e-129, 5.25829402736041e+241, 4.1229504336572e-165,      1.70190028762912e+236, 7.38377677987102e-76, 9.35787846684681e+236,      3.33572515804454e+251, 8.687457061373e+222, 8.11364503365372e-308,      1.06687267319854e-288, 7.0208180646554e+48, 9.41496850707166e+214,      8.11068359960566e-54, 4.20793889746802e-95, 2.07270909197047e-204,      2.50263785590231e+76, 1.27928424365966e+82, 3.44821309824368e+242,      6.9024488720007e+132, 5.34836619454315e+228), .Dim = c(4L,      6L)), Wtriplet = structure(c(9.03962755609426e-240, 2.80986384972266e-266,      1.0754664050179e+243, 2.10296535808517e+234, 3.56967344161176e-80,      1.24770836054242e+153, 1.20123378475307e-24, 5.88446858291097e-125,      1.07368498305196e+120, 1.46906960939994e-259, 2.5830059849023e-108,      2.27183398294956e-124, 7.80311992166458e-138, 5.96826517592987e+112,      1.5039577936719e-31, 5.8523627133827e-261, 1.28303561265767e+300,      2.19243585770904e+34), .Dim = c(9L, 2L)), Wtripletsum = c(-7.42599409897022e-14,      -8.23815462770521e-19, -1.06944061549176e+142, -7.97241132738446e-16,      1.89946412019779e-82, 1.67742725077886e-285, 1.11369096052614e-82,      Inf, 6.76948332101201e-204, 5.54945435337783e-161, Inf, 5.27178052973536e-81,      Inf, -1.73429276747911e+75, 0), y = c(-1.97686290255104e+73,      2.10588331284616e-251, 1.64018166781788e-198, 1.49385698747838e-181,      8.06809612638562e-288, 9.27962260281825e-39, -Inf, NaN, Inf,      -9.652877986193e+132, 5.13161325469758e+98, 5.63846400091716e-150,      3.81273329262165e+219, 5.54232063921423e+245, 2.99738865639134e-288,      6.21802565362448e-170, -2.79330458025964e+293, -5.19702180405524e+250,      -1.11008957934392e-73, 4.3788966797918e+47, -3.59595973115077e+241,      2.09051465495404e-207, 5.72398980822027e-102, -8.49491218720204e+51,      7.66087176274599e-91, 4.59887288028828e+228, 2.51607730218862e+194,      -1.91569154558033e+145, 8.31910522087307e-207, -1.36785529637407e+71,      -7.15714246222004e+35, -1.27370343974292e-28, NaN))
result <- do.call(CARBayes:::binomialcarupdateMALA,testlist)
str(result)