testlist <- list(coef = c(7.32044037194761e-123, -1.13311972232364e+30, -1.01994273762596e+169,  6.18780629779492e-92, 1.72486667311555e-85, -1.29681398021531e-285,  -5.3062701707591e-222, 4.7303853798132e-127, 2.40352202618641e+204,  -1.34660865623547e+36, 8.67809911755942e-208, 4.02413778839548e-70,  -6.86837116432062e-298, -9.0809537513738e+187, -4.89811986074548e+37,  3.42111552895046e+44, -5.5317199700419e+219, -8.95356676847815e+109,  -7.18040317115032e-278, -60114497076749592, -3.41607912568677e+137,  -9.43198832321089e-246, -3.9426149709114e-98, 2.95115654553909e-96,  -1.91243926305896e-123, 6.39476265889871e+43, -6.69491301384561e+131,  1.69225963051461e-248, 4.4392707398303e+34, -9.00073874732148e-250,  5.81261768242484e+36, 1.25562754497165, -8.75329811792276e+279,  -5.78468674797438e-254, -9.10995631309185e-150, 1.79356044131857e-304,  3.31040190361049e+95, -4.06298191556457e-117, 5.70555243178209e+210,  -1.89519639505502e+56, -7.59974903696894e+155, -1.414389768994e+253,  -Inf, -1.05984245805533e-171, 3.57759208491866e+163, -1.31150916881915e-23,  -1.56523946184404e+125, -3.48023171303853e+137, 1144470827619154176,  2.6605041616839e-90, 4.44539816335877e-108, 2.39470575762342e-301,  -8.40612968149866e+196, -1.23230871953072e+148, 4.5662728037506e-197,  5.06832958886728e+108, -Inf, -2.81990335339779e-73, NA, -1.55573880134614e+49,  -131379066.650425, 2.03468384973423e-13, -2.05329974767229e+223,  6.53951714696315e+275, -1.54373031076494e-99, -2.25188329326273e+288,  -0.00166594463370126, -6.98337080949387e+198, 9.57184631608818e+264,  3.17409634861024e+149, -2.49486434425193e-144, -4.01402253559714e+39,  NaN, 1.17603765595341e-282, -1.37587414671856e-189, -1.26637343594381e+165,  4.01506214480261e+300, 0), h = 60607067L, t = c(-704172577L,  NA, -1795651026L, 1229840260L, 2105203328L, 379902827L, 2052755506L,  1781909824L, 1022828378L, 743213760L, 1159065230L, 1657606879L,  1206673246L, -1858418421L, -1806090498L, -1912127798L, -27450070L,  -1431311633L, -992445146L, -1517353491L, 2070170380L, -1642850254L,  1834365179L, 1567540572L, -857045386L, -1703844514L, 1239582191L,  1904925932L, -282592883L, 991019176L, 1743823812L, 1600659499L,  1403494893L, 403065697L, -389001127L, 1529627978L, 1396627342L,  1335310006L, -1999012889L, 1117459093L, 1119060570L, -1177699167L,  -1643316487L, 960447372L, 2115640269L, -1303280582L, 738140525L,  -1707932963L, -427542625L, 1374896367L, 3860537L, 2032911863L,  1189135864L, 843657821L, 1213450978L, -2033402004L, 1358367649L,  -364146198L, -2055658498L, -1511393557L, -910433285L, -1206868585L,  1747070702L, -286369218L, -446308145L, -1334724043L, -354602097L,  -970360176L, -463631384L, 1927558362L, 107202805L, 1361195830L,  -2028796617L, -2067829649L, -1650393501L, -914754642L, -696281527L,  1674257257L, 787242623L, 244495766L, -1514484438L, 2050660631L,  -627606877L, 275665383L, -303550384L, -1286358559L, 1058562126L,  -1441405873L, -810452663L), trimLo = 1.0461786627049e+286, trimUp = -2.97512857955136e-270,      type = 624899684L, X = c(3.18298387676166e+140, 1.18683802813967e+201,      -8400814095.65631, 2.36581300029592e+84, 1.81634631942767e-282,      -1.31417792271138e+119, -3.70903381493544e+197, 4.12972947069373e+224,      -2.24495259235097e+150, 2.67262680984859e-159, -3.37010645431366e+30,      1.44241466770184e-130, -4.72275003692487e+284, 2.50221446401474e+157,      -3.25678352566615e+137, 4.55552277419256e-254, -2.12309736901922e+218,      -8.22170749322465e-209, -Inf, -1.03296510008744e-118, 4.90744284409021e+68,      -8.3832099792779e-180, 2.64390249591011e-176, -3320.24219896833,      3.86062069872349e+201, -1.60859206464767e-67, -3.48173984457428e+88,      5.67314475895113e+113, -2.23283958395881e-172, -3.92506965145352e-166,      4.76390812696476e+228, -9.70153341406601e+67, -1.07862754542784e-261,      -1.39470800661743e+254, -2.94441128699842e-163, -4.01941247735975e-228,      2549961.45863059, 3.90004239089999e+126, -2.64282020334831e+187,      NaN, -5.03952820514239e+224, -1.12778313540934e-262, -8.27087485728675e-98,      7.63632994101965e-236, -1.70908441759736e+192, NaN, -8.67877478001043e-237,      -1.90851722653151e+135, 5.44765750117542e+38, 2.84913719373244e-281,      992092610938231, -9.8293105719605e-207, 3.764246904913e-71,      -4.92496965765989e-32, -7.56058209733224e-170, -5.74893378737296e+239,      -4.24371440407288e-69, 7.37481324298358e-162, 1.30316386582906e-131,      -0.171745160721319, -1.62488280378208e+34, NaN, -2.81075030777074e+153,      3.18840152029748e+178, 1.1685523699766e+169, NaN, -7.10515116622858e+224,      3.00294740539602e-293, -4.58290933493419e-168, -9.65545721411839e-161,      1.39658179441276e-170, 2.94258568376434e+299, 0))
result <- do.call(forecastSNSTS:::computeMSPEcpp,testlist)
str(result)