testlist <- list(fpr1 = structure(c(4.17618331711572e-111, 2536.57526364273,  1.78761297071565e-213, 1.01844030641114e-12, 1.08353324757058e-268,  3.67531599798682e-74, 7.37412151702084e-101, 2.05890044944622e+215,  2.66016365369828e+160, 2.17588172460623e+43, 57.3534901416889,  1.77312563625003e-145, 1.94191131500064e-87, 8.03184234177774e-120 ), .Dim = c(2L, 7L)), fpr2 = structure(c(6.45953574476386e-15,  9.52930287909342e-259, 1.25383808518032e+237, 1.00281867503814e+257,  2.40742727760413e+222, 2.55249350050121e+148, 6.64785639197113e-21,  1.77725075191835e-173, 1.53251257886334e+67, 2.13894453161167e+174,  7.75223368336003e-130, 8.24737082740851e+119, 1.96634941083707e-116,  3.21409516231123e+188, 4.29196617689378e+102, 7.70264764266918e-189,  7.65255109829578e-106, 3.07858222025289e-25, 3.50862013691506e+272,  2.84340056465746e+236, 1.98126325381054e-41, 7.73652557077251e+265,  2.22444936925305e+225, 1.76572875728898e-220, 2.82078730165505e-260,  4.87347273560276e+107, 2.60325395854478e+142, 4.21907828629759e-235,  6.45036320583331e-14, 3.69694281163275e-18, 2.78507760384876e-190,  3.51484942921346e+288, 5.46720588316299e+249, 1.04516214544543e+290,  3.05843520978086e+161, 2.6046324533787e+262, 7.0649588206547e-73,  2.2805956957963e+152, 1.38068505695554e-81, 6.40017078530611e-50,  7.32019514374354e+282, 1.50920222227615e-164, 2.48976514327973e+42,  1.45440537672995e+88, 4.078427375172e+260, 1.5213931795724e-39,  7.79012502299039e-143, 1.02690895788039e-223, 1.21623099770038e+57,  2.97172479958559e-18, 1.50749893245064e-261, 1.64202817991487e-46,  7.21103163814315e-253, 3.25487294898851e+65, 2.33074849077321e+225,  3.11488437762593e-254, 8.05583006322123e-140, 9.25538555336644e+127,  1.0624193558617e+164, 1.70402519879425e-206, 1.46923071668302e-209,  4.34570351837259e+175, 4.45271688196689e-61, 1.65183569560188e+53,  3.32016359214669e-144, 8.97309224894098e+173, 9.73651739013636e+72,  9.6867074809586e-265, 4.93242489052355e-114, 2.76688941697946e+143,  8.32067754758126e-271, 3.51803827120013e-51), .Dim = 9:8), measure = 581288039L,      param = c(-1.34103022945385e-115, 1.05574287239741e-95, -Inf,      7.24348345950545e+298, -1.34834510756508e+212, 2.01025782623036e+280,      1.56929561617002e-218, -8.28425196790411e-89, -1.26787707198141e+126,      -3.89324876562889e+145, 6.26368638756707e-15, 1.46032313155398e+31,      -1.68910043085511e+202, -5.86901611460697e+305, -1.52059438354072e-10,      Inf, -6.49805149081987e-22, -7.86153232866434e+293, -1411369368141.79,      2.09462826085052e-247, 1.66479476237531e-98, 1.51746082203698e-52,      9.51397303263914e-90, 9.42057447116236e-53, 2.751058931278e+108,      -2.44346340380874e-229, 1.67279683735936e-226, -8.83715349156104e+82,      -7.52817682687837e-114, 6.13597428579284e-52, 1.35614587273443e+138,      5.2458583107002e-117, -2.6810497867364e-268, 2.23099235411542e+258,      8.40985540762416e+133, 4.5363074386743e-36, 3.39443903492967e-10,      -2.44656620145869e+230, -2.42634554806201e+24, 5.51522463944506e+254,      -2.39269776068998e-46, 2.3938987357434e-232, 1.02710542964328e+76,      1.79650212933681e+178, -3.01870642803119e+35, -3.39623590920758e-109,      -Inf, 1.07476781697676e+108, 9.70297375163188e-99, 5.14828884273913e+266,      5.47853258935895e+268, 4.83422199715431e+283, -8.7778206043852e-280,      4.05583392594445e+305, -5.62015284198549e+236, 6.04902148056233e-169,      NaN, -1.77561571652834e-234, 4.12837831048447e-277, -Inf,      -1.42539666969306e-220, 3.57038283613531e+174, 8.44630497096738e+209,      3.26365040373074e+289, 9.04943179111906e+306, 0), tpr1 = structure(c(9.66259676894323e-159,      3.33173851561077e+174, 8.99887416365862e+31, 7.56606003076718e-227,      3.32520692408849e-80, 3.13727126934631e-287, 2.61609273238479e+246,      2.04202159675826e-54, 4.20607256862154e-165, 3.10250833806782e-260,      1.4834681493271e+191, 2.53149311263084e+179, 4.5857484386241e+178,      2.69051867783214e+208, 20658954.1825972, 7.50671560477561e-178,      5.11429424625225e+165, 1.10420203583942e-128, 2.75946061476957e-146,      1.40621300237425e-275, 2.83153265244778e-67, 1.47015142326411e+91,      25522377.6127287, 6.24120792828552e-220, 1.27882116429355e-12,      3.3123645511612e+181, 9.02347062747465e-84, 6.251137872267e-38,      5.02955181857788e+108, 1.58761577579403e-09, 1.48875035136339e+254,      1.13123402135742e+272, 3.94955584895765e+32, 0.0107570460882606,      4.83413957257933e-197, 8.15006032886268e-301, 2254598182822566400,      5.52045707598149e+171, 4.73166621794551e+297, 1.76943765952372e+245,      3.71530150153251e-172, 1.83959145586778e-89, 9.61043689926084e+125,      1.80870307780688e+245, 1.15794652187097e+273, 1.27992548717625e+44,      3.57724030981988e-216, 3.54891232066849e-237, 7.36760372849856e-96,      1.56283845666261e-201, 1.01857076872687e-234, 8.75759523800203e+49,      6.2017382075389e+44, 1.51478510508324e+144, 1.477364660971e-280,      6.9565878404969e-262, 2.84463332977605e-210, 1.86370765699035e+49,      7.7543402415662e+20, 1.88638470519411e+232, 81473401177070544,      1.07156431758861e-88, 7.13256566259236e+153), .Dim = c(9L,      7L)), tpr2 = structure(c(5.903435342162e-240, 1.31959140825784e+262,      2.00519613083842e-296, 3.28656521449722e-230, 5.64052204190845e+96,      8.16525314176051e+91, 8.27932422595967e+63, 819897417940731264,      1.96000259791469e-162, 1.06636845066947e-218, 1.69998480091996e-228,      3.16105822020863e-102, 1.47932693411541e-198, 5.83844343705921e-297,      2.16345277653131e+173, 4.12250251882507e-249, 2.28541389627749e+252,      3.35181294364543e-51, 4.26286984216828e+182, 1.65421767756854e+145,      1.58392337090378e+260, 2.47291715963235e-133, 3.20295267893143e-90,      1.74952519669436e+240, 4.1325044751831e+119, 1.18797359852479e+157,      5.12649948569161e+40, 4.85771578879402e-303, 1.26102316042096e-52,      2.53261836053398e-42, 3.14963793024019e-173, 1.03609107259469e+39,      1.03247290170412e+244, 2.49105920899047e-192, 1.32162625817621e-123,      1.58671121442325e+161, 6.27640172685493e+264, 2.6801097921618e-131,      4.36648782476584e+48, 4.87067574726989e+247, 1.43319365073836e+292,      2.05728569242478e-238, 1.74242571478373e+251, 9.03895442340776e+152,      2.58400772468515e-306, 1.12279383713119e-113, 3.02380376477841e-238,      1.07086610895725e-14, 1.36522010205042e-118, 1.69892375980803e+233,      1.03940618848837e-239, 1.44851974504974e+125, 9.12991955167067e+223,      2.49013632002291e-234, 3.56668386340743e-74, 1.21892314576876e-198,      3.05733241555784e-24, 5.17250312796163e+109, 2.06059072214733e+28,      5.19813781697422e+127, 7.14834795993458e+106, 5349900263737.09,      8.26386957001283e+56), .Dim = c(9L, 7L)))
result <- do.call(fbroc:::get_cached_perf_paired,testlist)
str(result)