testlist <- list(cov1m = structure(c(2.78733830435359e-34, 5.50478447894348e-249,  1.5649673121088e+116, 1.07990943606587e+191, 1.06752166885413e+209,  1.70835024308529e+197, 1.72109567889012e+306, 2.40728887068222e+97,  3.28947763818449e+30, 1.27376509613473e-15), .Dim = c(5L, 2L)),      cov2m = structure(c(3.54672336883387e-164, 1.7345681808715e+205,      7.16909963113964e-237, 1.29081537704206e+187, 1.75740195000293e+21,      3.74977119834368e-125, 730.546240219355, 2.33496808725309e-279,      3.35158197552517e-98, 1.81104009245701e-50, 5.38278517171949e-81,      5.82630239873547e+89, 4.55616669219176e+279, 2.88422519972413e-181,      3.45762042162068e+287, 1.62007281790666e-48, 5.20926767212611e+33,      5.78871034566029e-253, 1.18713079555265e+98, 6.33837812927262e+264,      3.7792008128634e+118, 4.86583416341683e+67, 3.94679469965538e-161,      3.77951638943442e-290, 2.78219269976849e+24, 2.6997848742967e+193,      6.09230073177045e+29, 6.14220213843926e+38, 2.14756610495405e-166,      6.04337410476833e+146, 6.88631130367885e-68, 6.66053766050474e-181,      8.69705584464565e+249, 7.07510173702225e-214, 6.49422374230967e+21,      1.7044032776736e-106, 2.21414749836951e-305, 2.78759121270966e+108,      1.05174105289915e+127, 1.24054203940555e-201, 4.54937041558505e-165,      5.29302473954086e+166), .Dim = 6:7), Cv = c(-2.61525338004636e-257,      6.11252442255302e-154, -4.53956258338699e-68, -7.45333417268734e+52,      -9.79050281739537e-73, -6.81529911462004e-35, -3.82884834965381e+139,      -9.43931977143016e+30, -1.18316644996756e-134, -7.46807755780733e-231,      5.26220632140238e+303, -1.9666389158794e-50, -3.07866706872449e-123,      3.86375496829451e+201, 7.01794716011863e-211, -4.66485399313582e-170,      7.07829828371053e-140, -8.7625282738009e-269, -16985579370.8524,      -4.51722212774299e+151, -2.67992823466214e-73, 2.78705311489043e-196,      1.07508431754129e+81, -5.10160441795641e-51, 1.05016374213825e+294,      3.44677971205475e-294, 2.2177486037466e+91, -4.88805323354711e+285,      NA, -8.51537502139272e+188, 1.30638535326247e+68, -8.76393244296392e-131,      7.81615400994898e-23, -5.6630607769302e+63, 3.20239037403791e+226,      -1.23654306789421e-54, -8.244123335188e+169, -4.14191942726291e+85,      -3.45864041311179e-263, -3.98195167712891e-107, -2.43977634533855e+97,      -1.57683984750523e-186, NaN, 9.56949317357373e-113, Inf,      -2.17734534491528e-67, -3.04781802322302e-159, -7.86047016637781e+180,      2.96453567713849e+122, 333149137373108, -5.75415267977466e+120,      -8.71078272736982e-220, 4.76541244157602e+45, -4.35420423911443e+98,      -1.40263104884646e-307, -9.43206848663566e-100, NA, -8.81594582237515e+170,      -1.3368853480857e-53, 6.90301953252126e+123, -1.52617530893711e+172,      2.83471806196194e-197, -1.23935597412293e+25, 0), nu1v = c(-2.24926630885431e-266,      -1.72308868780242e+263, 1.28130590551563e+141, 2.90329284790475e-147,      2.05810998263997e+25, 1.29211398393855e-21, -1.07631222296743e-300,      1.00363959223375e-16, 4.69416801343364e+172, 3.7427080912568e-86,      1.53206588983203e-261, 1.24766485479691e-133, 1.04979145848297e+209,      1.00363959223375e-16, 1.00363959223375e-16, -2.83983061663705e+294,      5.12120369499865e-66, -5.27812338452032e+255, 1.22822686979165e+138,      3.30893266270381e-226, -2.91849950607386e+209, 2.44279423297104e+166,      NaN, -5.75173618386793e-145, -5.28305072548653e-193, 1.0097178960734e+51,      2.83983278096071e-247, -6.18041699448677e+140, 456936304627791,      5.82046764013459e+196, 1.60256279445485e+144, -6926.79244839209,      4.59719126164949e-137, -1.92605820519797e+64, 2.42749636781892e-107,      -2.91567076322871e+86, 3.68459543136174e+78, 1.18804150118432e+85,      1.67457506532621e-212, -Inf), nu2v = c(-Inf, 2.17430363347712e+87,      4.93529280157506e-153, -2.37257900828668e-77, -1.22783325766102e-107,      -2.15526929844058e+307, 1.13073337733171e-61, 1.43650675981205e-170,      4506386.61651196, -1.72796026951569e-72, 1.52937206989143e+29,      7.40844983699533e-214, 1.21909159925978e-63, -1.79082088293214e+252,      -4.27001937135209e-114, 1.13073337733171e-61, NA, -3.48413362588887e-268,      3.58149235052211e-31, -8.4981083731281e+75, 7.9170871164647e-145,      -Inf, -6.90301966984841e-183, 1.90248441218994e-59, 2.39417454209002e+39,      0), Rv = c(9.06924532624145e-69, -1.37277763113601e+303,      2.72203040599465e-143, 1.13077455577594e-135, -5.81614312157224e-28,      -2.20728555791976e-154, -1.01409597790622e-280, -3.28002380001155e+283,      1.22866959273776e+165, -4.09347087509808e+255, 8.8856704979808e+74,      NaN, -6.5788300896585e-163, 6.60194022614163e-41, -6.24651836963189e-116,      NaN, 9.65033749262242e+222, 3.00630079056479e+143, 8.97044902489122e-178,      1.43930487271004e+291, -1.38396546078272e+178, -2.64143458756258e-298,      5.06119275308067e+138, -1.60152134569937e+128, -1.48480970044675e-285,      4.81077029517616e+93, -9.27019980327809e-264, NA, -2.98269524778298e-177,      -Inf, -4.82370934059184e-85, -3.21204494897622e+289, -1.33081069200468e+248,      NA, -7.61631832117937e-300, 2.02095989658122e+27, 1.69226201338702e-303,      -1.85458347043333e+79, 0), U1m = structure(c(2.58196731863244e-90,      4.25158233731592e-50, 1.02815623258229e-272, 7.31591336214571e+20,      1.48193317098399e+194, 4.96970962821317e+26, 9.16067803180196e+307,      1.04667397654191e+146, 1.02582369523633e-27, 7.44887780141421e-206,      2.95756774922736e-193, 3.03239556555388e-207, 7.05398990510326e+214,      5.4331026834027e-55, 800.01353016937, 1.7211549094541e+128,      2.98616105194743e+161, 7.80078665160044e-299, 1.48340913226705e+179,      4.37562178042415e+23, 5.44522548819636e+27, 4.2535118831052e-117,      2.09439554585083e+36, 1.40397469311609e+72, 3.38477854805117e+47,      2.76962830185331e-285, 1.82563993977642e-180, 3.33890403468383e+74,      9.27177602069698e+210, 1.59286483792842e+254, 4.81820783450111e-95,      1.50153010692315e-262, 1.01451099936599e-54, 5.48795127509013e-236,      9.5452816948989e-235, 1.77359710372874e+291, 2.97806252317983e+299,      1.2122018999604e+235, 5.50139714799939e+269, 5.10697892633356e-22,      5.64818399416577e-253, 3.85632373497961e+198, 1.0585013937512e+174,      2.24960785533324e-114, 8.9817269076933e+296, 1.53618473021231e-112,      2.5142871432703e-106, 6.09179455186785e-102, 8.49485433390439e+243,      4.36819092188608e-147, 2.68798717299724e-223, 9.73714934004372e-156,      7.07804227511555e+267, 1.21665883336615e-170, 1.02356306051977e+282,      6.01355411243437e-280, 6.58977157953313e+130, 3.03876030349831e+270,      5.53200792276107e-195, 4.15741743861521e+136, 1.09881017518616e-131,      2.38968550207555e+275, 1.90825164982899e+184, 1.00930116093007e-65,      6412719467126546, 1.05835609521303e-291, 5.73818570837232e+110,      2.4024736300461e-250, 6.59257740179406e-132, 2.64714412704655e-228,      3.44025528359282e-157, 8.88906273301919e+96, 3831559894540.77,      4.27591688592366e+156, 1.63909325024025e+300, 6.12989592518554e-81,      7.57595142829171e+143, 4.81553157904558e-48, 57337584221908819968,      4.47834606580893e-38, 1.91991709461926e-281), .Dim = c(9L,      9L)),