testlist <- list(x = c(3.77801742535024e+233, 2.06200908658298e-157, -6.18633653298487e-186,  9.59333572885439e+114, 1.8117192363624e-07, -5.47802596092225e+238,  -2.15376745826291e+114, Inf, 4.78221456162696e+151, -6.98299881085563e+216,  -1.59836747277606e+21, -1.30869833830382e+185, 1.02617415530929e-274,  -1.09878172772527e+279, -3.32374745812046e-127, -2.73744465497181e-220,  3.76745098407437e-265, -3.50901381882256e-279, 3.98692867124797e+28,  -4.09071125997143e+26, 1.79293029199268e-196, -5.2328877994536e+103,  -1.30869833830382e+185, 1.80193092104632e-236, 1.22663523975874e+232,  -6.54962236190789e-88, 2.37992170887389e-247, -1.64060174719993e+273,  1.20847391337038e+246, -2.39028263827408e+298, -3.49634254249495e-236,  -3.26287113058635e-193, -3.00750741180714e-213, -9.37024789608686e-64,  9.73569851285025e-195, 4.90931445545159e+203, 1.03253390377838e-59,  -3.57492036382244e-48, -1.78331938833349e-209, -58.8650783550352,  -9.90228786857181e-277, 8.89636317958564e-242, 2.95233597641611e+187,  1.86350552451023e+93, -1.10542150249939e-10, -7.93643852185938e-291,  1.2133048536732e-43, -4.95960028332084e-229, -1.99674034202224e-16,  -7.84510822623115e+143, -2.28847706229743e+255, -2.89884444179627e+295,  -5.13108105386733e-302, 3.01722890952462e-80, 1.25198581269217e-17,  88.8949189061153, 1.41151552185829e-275, -4.10483774430256e-289,  6.14560727461289e+219, 5.51447234883872e-128, NA, -2.68199142698178e-20,  56594.1091388979, 1.4060592344083e-96, -2.98885777441986e+288,  -2.46182629126587e-29, -5.33079257171252e+118, -3.92784691106046e-242,  1.62350544110125e+30, -4.76694056993981e+85, -6.86664913511674e+188,  -1.18856857881953e+229, -2.0088828183192e-228, 5.43815004361499e+103,  1.19777736071141e-100, -1.76847796232155e-129, NA, 6.91082177068266e-256,  0), y = c(2.29069359191927e-176, 9.1092048896748e-124, 4.19231318704679e-191,  2.23172394708317e-301, -3.20523952893478e+212, -2.66514770709841e+123,  4.85016024674663e+237, 1.74805057397552e-242, -7.88299188557871e-122,  3.12010807844807e-128, 1.65583106120015e-243, -1.75587087464681e+228,  -9.08817931333519e-212, 6.55312439229127e-49, 0.00090990925726163,  -4.54079911524575e+160, -1.98610604053472e+68, 7.41278824174202e+282,  2.6015188466623e+221, 5.56166835404247e+200, 4.42416664372762e-214,  -4.02096061389352e-271, -5.74011204493593e-100, 6.71694372996398e+87,  -1.01748665355705e-243, 3.44587666314483e+112, NaN, -2.04604971926369e+49,  NA, -4.07869407918799e-240, NaN, 23346090724.7856, -5.91988921842999e-129,  1.96264337727106e-202, -5.56811271097958e-299, 2.73738593815044e+179,  Inf, 1.91493373832111e+80, 2.87927907682947e+143, -1.50039278821e-217,  7.97712383597992e+282, 2.90242263869601e+280, -2.10278046633229e-229,  5.7941686967897e+264, -1.37251424386269e+103, 4.21391149849116e+220,  -52378303.0646622, -Inf, -1.0177283526451e-07, -1.14682094447012e-178,  2.25315770333001e-59, 3.40543822128371e+209, 2.17300996875152e+151,  8.66667673836834e+25, 0), z = c(-46196.893825531, -4.42580833645225e+290,  2.83552387387732e-214, -4.14420317152325e+102, 4.96218144218597e+38,  5.42895271065737e-127, 1.66108829288209e+127, 8.88641808598316e+35,  -1.06840080957952e+78, 6.2851353291161e+19, 325793.68021771,  6.35249273439012e+264, -5.89469835838509e-87, -2.83947220159899e-188,  2.2945864842122e+156, 7.20226320193693e+287, 1.78206053057187e+62,  NaN, 1.30049574887286e-263, Inf, 4.3150095837552e-252, 4.0813974973284e+124,  0.00156756054030354, -2.63123224976196e-222, 7.35344520153335e+203,  5.29147484840539e+235, -4.07784800530084e-29, 3.75338473341614e-267,  -7.39320910966852e+228, 2.81886345481567e+74, 4.026652141598e-66,  2.84899430221431e-203, -3.46588112382395e-237, -1.4784303113968e+295,  -7.78404236850052e-20, 5.29147484840539e+235, 1.56758004520276e-184,  -1.30704193718977e-41, 8.0353700214456e+210, 7.85195978594733e+102,  NaN, 3.33698617061476e+184, -3.06636532599825e+91, 1.41580571243618e-89,  7.92893586485577e-67, 8.38961049509085e-240, 0), accel_input = c(-1.83239237735207e-102,  -5.44276336536616e-211, -6.75955167444112e-40, -1.52479119309833e+164,  -2.59511698911285e+210, -1.30659935128959e+169, 1.16832778286469e-178,  -1.8321358789538e+283, 5.71887565703211e-76, -6.98063151556246e+74,  -5.47405227974676e+225, 1.7875566079245e-156, 1.73354219925383e-61,  6.0388381697322e+172, -1.55126597453789e-37, -3.46226835632025e-98,  -4.5980753909861e-175, 4.52173244756291e+34, NA, -1.82735744489759e-37,  2.20822409097156e+72, -1.96006844987876e-267, 7.45572575587726e-117,  -4.48805777266883e-178, -Inf, Inf, NaN), samp_rate = 43691040L,      vector_size = 965044073L, k1 = -4.13946677028134e-223, k2 = -3.71007670628958e+295,      k3 = 1.4061769035493e-111, ncores = -1755496365L, l_const = -4.95189684683758e-06,      mu1 = 4.49513977947164e-300, mu2 = -1.33142090207326e+23,      kappa_opt = 8.80340302367038e+292, logK = 4.65423890542505e-85,      log_I0_kappa_opt = -1.25002341584222e+182, log_const_vmcos = -1.69915467755826e-87,      mode_1 = -1.98758422395412e+217, mode_2 = -3.81848449929176e-199,      n = -164577095L, unifpropn = -2.97532338484649e+69, vmpropn = -7.72721898928751e-16,      I_upper_bd = -3.90273034706978e-168, log_const_vmsin = -2.76332369871508e-256,      k = 4.2913428360563e+257, mu = 2.13936278438989e-92, d = -6.39286543938038e+143,      m_x = 176952321L, m_y = 500925017L, m_z = -1070372876L, proc = 1658531371L,      df0 = structure(c(1.00812888580627e-99, 9.42336292645309e+187,      1.54896314785393e+47, 8.39481712530622e+176, 1.64020960364331e-15,      5.12573007111044e-181, 1.79809176021735e+159, 3.29642134457399e-89,      1.79218440081107e+205, 6.01252581171924e-224, 6.93821106651154e-158,      6.81623722165235e-105, 1.21035060785283e-204, 6.17961056574234e+283,      2.71105939872429e-110, 2.0107458601896e-146, 1.76548628539048e+60,      2.87017203665701e-148, 1.39530094319054e-27, 85859.1287185913,      7.49097576508239e-47, 4.88109563508658e+225, 4.41108849069775e-256,      3.50635874914175e+286, 5.76346931704647e+110, 5.54643734756652e+159,      1.56597364466637e+239, 8.45959448862835e-113, 1.67840684553705e-74,      6.38174405659568e-52, 139403059485602, 1.51124813319551e+299,      3.3257270715243e+237, 7.63313885832217e-277, 2.92710979920509e-09,      1.83950945081948e+34, 4.75755609151466e+281, 4.09392772808301e+243,      8.00479768867495e-106, 9.75366964343088e-113, 2.46971935798039e+266,      3.35944168870629e+93, 7.42480340763938e-139, 7.88470774400395e+176,      3.14481891429843e+153, 2.08040413431953e+294, 1.13464571959675e-59,      3.64215261632401e+283, 2.51070999004281e+95, 1.47375458984837e-38,      8.13226628220422e-33, 1.1125950525313e+143, 5.05655972150788e-39,      1.04703185832527e+226, 3.4558117829866e-230, 1.04843682588833e-57     ), .Dim = 8:7), h = 852794110L, tw = 1468437190L, N_Value = 670575960L,      phi = c(-5.89853238011395e+273, Inf, NA, 4.86282119613737e-25,      -30008328897358610432, 3.15064672990106e-201, -3.42018893313329e-56,      -2.53310790429508e+154, -3.3107850390328e-89, -9.68502209969902e+254,      2.30065096441958e-07, -3.31786935152071e-301, -2.2756704161134e-257,      -1.40039420595034e+238, 1.79266080168754e-64, 9.11933124529875e+28,      8.17027614215716e+99, 5.7010310133608e+178, NA, -2.77650091427492e+246,      -9.15223443765247e+260, -9.28331246005239e-153, 1.46997497445088e-148,      -1.67276957334301e+57, 2.15554344513316e+234, 7.44374712639853e+299,      6.62863853140071e+36, -1.37009102226436e+292, 2.10216292997856e+207,      0), rho = -6.52491697370363e+304, Wbegfin = structure(c(1.69885406690007e-271,      1.60004925618707e-194, 7.84343851784674e+268), .Dim = c(1L,      3L)), Wtriplet = structure(c(1.46642960985984e+96, 2.78238990130135e+267,      1.34379503522911e-34, 8.0496772665444e-23, 2.53505841000564e-117,      1.22489489223889e+45, 4.70664642234297e+275, 1.90097343756059e+286,      9.38098128742232e+229), .Dim = c(9L, 1L)),