testlist <- list(x = c(3.77801742535024e+233, 2.06200908658298e-157, -6.18633653298487e-186,  9.59333572885439e+114, 1.8117192363624e-07, -5.47802596092225e+238,  -2.15376745826291e+114, Inf, 4.78221456162696e+151, -6.98299881085563e+216,  -1.59836747277606e+21, -1.30869833830382e+185, 1.02617415530929e-274,  -1.09878172772527e+279, -3.32374745812046e-127, -2.73744465497181e-220,  3.76745098407437e-265, -3.50901381882256e-279, 3.98692867124797e+28,  -4.09071125997143e+26, 1.79293029199268e-196, -5.2328877994536e+103,  -1.30869833830382e+185, 1.80193092104632e-236, 1.22663523975874e+232,  -6.54962236190789e-88, 2.37992170887389e-247, -1.64060174719993e+273,  1.20847391337038e+246, -2.39028263827408e+298, -3.49634254249495e-236,  -3.26287113058635e-193, -3.00750741180714e-213, -9.37024789608686e-64,  9.73569851285025e-195, 4.90931445545159e+203, 1.03253390377838e-59,  -3.57492036382244e-48, -1.78331938833349e-209, -58.8650783550352,  -9.90228786857181e-277, 8.89636317958564e-242, 2.95233597641611e+187,  1.86350552451023e+93, -1.10542150249939e-10, -7.93643852185938e-291,  1.2133048536732e-43, -4.95960028332084e-229, -1.99674034202224e-16,  -7.84510822623115e+143, -2.28847706229743e+255, -2.89884444179627e+295,  -5.13108105386733e-302, 3.01722890952462e-80, 1.25198581269217e-17,  88.8949189061153, 1.41151552185829e-275, -4.10483774430256e-289,  6.14560727461289e+219, 5.51447234883872e-128, NA, -2.68199142698178e-20,  56594.1091388979, 1.4060592344083e-96, -2.98885777441986e+288,  -2.46182629126587e-29, -5.33079257171252e+118, -3.92784691106046e-242,  1.62350544110125e+30, -4.76694056993981e+85, -6.86664913511674e+188,  -1.18856857881953e+229, -2.0088828183192e-228, 5.43815004361499e+103,  1.19777736071141e-100, -1.76847796232155e-129, NA, 6.91082177068266e-256,  0), y = c(1.66617804929644e+26, -1.63179907868308e+23, 1.53818283718995e+74,  5.24923176631109e+60, 5.80215542469327e-261, 5.44347481407261e-130,  3.39126388848058e-275, -0.270902043020492, -6.27624337424616e+135,  6.67848898108759e-240, 8.89695078165539e-275, -2.52387693768416e+20,  -9.14314623866697e+142, -3.1357004327129e+68, -1.63179907868308e+23,  5.57471646044262e-195, 4.7410036584762e+208, -2.43103127711488e-303,  8.54861219094666e+228, -1.24449739687318e+266, NaN, -2.27350943182589e+221,  9.8327143261927e-197, -6.7403075942979e-29, -3.90111502753953e+229,  -2.99309428081962e+47, -2.40297506284773e+138, -1.71952518626404e-200,  3.8983989278188e-99, 1.28962478034817e-124, -6.54828919944179e+267,  2.84431325757675e-212, 1.14288230044964e-72, 3.86069165842509e+198,  1.38093851865424e+295, 4.38692153124961e-88, -1.86832718077224e-221,  1.80175732550912e-114, 1.62246352407745e-104, -8.35470359228086e-156,  -9.06304825701903e+73, 6.11785164260614e-05, -1.63179907868308e+23,  6.75659245908795e+75, 3.5275068578157e-33, 8.71809757153155e+173,  -5.36535244155255e-259, -2.69479792181853e+248, 1.47121125627509e-262,  -1.98766698899384e-237, 1.88844587463742e-114, -3.90860648948839e-95,  -1.83170392904319e-143, 4.02592583736625e-199, -8.9291682017581e-74,  2.98812614337709e+202, -7.95037689598548e+153, 1.29063922681271e-71,  4.63584049434738e+169, -2.04454271573662e-91, -6.87832956244511e+130,  -2.47591837049354e+56, -1.1368339281487e-53, -6.03177294300657e+216,  8.22852803105128e+177, 2.40050407540223e+97, 3.77392674902906e+287,  -8.17497579421074e+70, 1.93419930068791e+239, -1.63179907868308e+23,  5.226895621898e-185, -2.51023676490418e-107, -1.7014094363795e+182,  -1.54248613512483e+153, 8.12618535222415e+197, -3.69044576013689e-174,  81610866823664074752, 1.20513264949583e+66, 0), z = c(-46196.893825531,  -4.42580833645225e+290, 2.83552387387732e-214, -4.14420317152325e+102,  4.96218144218597e+38, 5.42895271065737e-127, 1.66108829288209e+127,  8.88641808598316e+35, -1.06840080957952e+78, 6.2851353291161e+19,  325793.68021771, 6.35249273439012e+264, -5.89469835838509e-87,  -2.83947220159899e-188, 2.2945864842122e+156, 7.20226320193693e+287,  1.78206053057187e+62, NaN, 1.30049574887286e-263, Inf, 4.3150095837552e-252,  4.0813974973284e+124, 0.00156756054030354, -2.63123224976196e-222,  7.35344520153335e+203, 5.29147484840539e+235, -4.07784800530084e-29,  3.75338473341614e-267, -7.39320910966852e+228, 2.81886345481567e+74,  4.026652141598e-66, 2.84899430221431e-203, -3.46588112382395e-237,  -1.4784303113968e+295, -7.78404236850052e-20, 5.29147484840539e+235,  1.56758004520276e-184, -1.30704193718977e-41, 8.0353700214456e+210,  7.85195978594733e+102, NaN, 3.33698617061476e+184, -3.06636532599825e+91,  1.41580571243618e-89, 7.92893586485577e-67, 8.38961049509085e-240,  0), accel_input = c(-1.83239237735207e-102, -5.44276336536616e-211,  -6.75955167444112e-40, -1.52479119309833e+164, -2.59511698911285e+210,  -1.30659935128959e+169, 1.16832778286469e-178, -1.8321358789538e+283,  5.71887565703211e-76, -6.98063151556246e+74, -5.47405227974676e+225,  1.7875566079245e-156, 1.73354219925383e-61, 6.0388381697322e+172,  -1.55126597453789e-37, -3.46226835632025e-98, -4.5980753909861e-175,  4.52173244756291e+34, NA, -1.82735744489759e-37, 2.20822409097156e+72,  -1.96006844987876e-267, 7.45572575587726e-117, -4.48805777266883e-178,  -Inf, Inf, NaN), samp_rate = 43691040L, vector_size = 965044073L,      k1 = -4.13946677028134e-223, k2 = -3.71007670628958e+295,      k3 = 1.4061769035493e-111, ncores = -1755496365L, l_const = -4.95189684683758e-06,      mu1 = 4.49513977947164e-300, mu2 = -1.33142090207326e+23,      kappa_opt = 8.80340302367038e+292, logK = 4.65423890542505e-85,      log_I0_kappa_opt = -1.25002341584222e+182, log_const_vmcos = -1.69915467755826e-87,      mode_1 = -1.98758422395412e+217, mode_2 = -3.81848449929176e-199,      n = -164577095L, unifpropn = -2.97532338484649e+69, vmpropn = -7.72721898928751e-16,      I_upper_bd = -3.90273034706978e-168, log_const_vmsin = -2.76332369871508e-256,      k = 4.2913428360563e+257, mu = 2.13936278438989e-92, d = c(-1.76735936467722e+111,      -5.76331353866046e+245, -1.30573619580655e-225, -3.45691914224814e+272,      3.79552120828998e-125, -4.06854065382729e+128, NaN, -1.76501411002707e-16,      -2.38280211338034e-64, -3.35554189218065e+233, 1.08189736028322e+134,      1.83922576283638e+139, 4.28410243191529e-40, 1.6236234366002e-118,      4.3519323028899e-191, 1.56891934027165e-53, -57705178690253242368,      -1.22969300892589e-219, -Inf, 6.4109117865505e+230, 5.49325481921307e+75,      2.53881500477962e-40, -1.03806309264883e+120, 2.29460178675177e-235,      Inf, 6.00507153964038e+84, -5.18068049428053e+208, NA, 6.21202773205744e+173,      -1.57718727908885e+85, -7.44773078799915e-199, -6.09275140067576e+57,      -1.88814404199008e+118, -7.10726969531685e-152, -3.27557040075537e-239,      -7.35735420796569e-251, -7.07863704286327e+144, -2.68250456363456e-109,      -6.19566054891428e+302, -5.72808165361022e-256, Inf, -9.19553288721907e-191,      3.29757689580625e-307, -5.67521822298788e+103, 0),