testlist <- list(Cv = c(1.02920551791853e-121, -6.55965057871914e-172, 1.62226363195866e-125,  9.14882759335445e-238, 6.62765196665813e-264, -1.05602294942906e+246,  -1.73902327830812e-210, -9.43065665112124e+126, -6.14051561365584e-164,  2.71780180772333e-86, 2.2229545908536e-277, -2.43997888976138e+234,  -2.55461448205766e+295, Inf, -1.89859871175713e+157, 2.0031613990743e-129,  2.04578071338614e-122, -3.09378092054126e-220, -2.72148745413644e+157,  NA, 1.25527889111847e+38, -1.51187919742746e+122, -1.39974825703893e-42,  3.21085492498914e+44, 1.33517150766546e-58, 5.36729839879792e+150,  2.28087057805301e+306, -5.94727034730384e-61, NaN, 3.65703198735255e+253,  -8.86060198212971e-81, -1.98414038828247e+307, 2.19029937987907e+213,  -1.1046824425703e-97, -1.05347789133539e+205, 4.45506094522576e-06,  NaN, 0), Rv = c(5.93164638120019e-270, -4.77409352080134e-275,  -2.9869815754198e+86, -3.95107900123553e-64, 1.59780410054016e-128,  -1.17249780162024e+103, -1.07694810956523e-269, 2.37227708836759e+105,  -3.68196672127803e-179, -2.3654636550685e+114, 2.17362507343645e+164,  2.85853314302656e+299, 2.23089288446073e-116, NaN, -2.67171037475348e+303,  -9.48167153528464e+307, 2.20000952411754e-35, -2.27409300789148e-289,  5.52737385101971e+304, -2.5141163127634e-273, 7.04832246870538e+266,  4.8996187742649e-50, -1.93820552414319e-122, 4.85568387493095e-92,  -4.82179130961573e-254, 8.37204847638683e+226, -2.58000586436708e-68,  5.56369780021266e-81, 1.17970871077321e-165, -6.26071819679754e-34,  -2.1365286322458e-71, -1.25602152252472e-52, 1.23955164667661e+231,  1.16727591073902e+121, -1.17345719170073e-85, -1.65940849065669e+28,  1.50172686077631e-303, -1.7040490320235e+181, 5.61897952144344e-29,  -2.93312590582568e-237, 4.55298384169978e-44, 1.93415547162114e-75,  NA, -7.45979132035468e-297, 2.23897153062663e-29, -7.0649670703724e+166,  5.42307338857487e-109, -1.05040911213954e-239, -7.90277841805519e+68,  4.3423151987017e-05, NA, -3.72111998214111e-208, 1.8358952367081e-13,  2.87848727082983e-105, NaN, -4.90304605820691e-286, -7.90865504609831e+248,  -5.35112686657805e+116, 3.55072156406793e+278, 3.19318214078868e-201,  1.85195464983134e+114, 5.74532491772459e-52, 0), U1m = structure(c(3.53599664836774e-257,  2.08040345917314e-188, 7.21911462938458e+20, 131640760.903496,  3.68303411606913e+68, 1.71783623678212e+221), .Dim = c(1L, 6L )), U2m = structure(c(1.85296213239479e-115, 1.5953233359379e-130,  7.73683198908036e-153, 1.60681485015034e+256, 1.37824435164558e+298,  3.75759251418319e+211, 1.23520701632407e+82, 2.82067871722117e+156,  3.62232460641736e-19, 1.36334533212452e+72), .Dim = c(10L, 1L )), Xm = structure(c(4.69675230749347e-118, 8.5241611621291e+177,  1.11993563524209e+166, 1.28166111264647, 1.57605399086547e+135,  9.40519303470867e-108, 2.39371527097344e-87, 1.30578822415474e-66,  3.78364225725644e+108, 2.39743012296497e-269, 138169.269348296,  1.85857081007472e-167, 1.04979533314265e-103, 1.45999017758464e-133,  8.66790645116543e+207, 4.2409577994156e-07, 8.78374191867812e+217,  4.54863639803493e+271, 6.11017790513952e-148, 8.83199337991177e-233,  1.35599417982981e-92, 6.59004524186869e-201, 3.706858183296e-166,  6.69292173218094e-96, 1.26535938370105e-102, 2.04098320911627e-250,  7.19224197769234e-61, 9.85199371496519e+169, 1.22345751172114e+151,  3.8126993009807e+219, 5.43598151058611e-117, 8.47766524665893e+34,  57949900410705208, 3.68399150537972e-220, 12406.474461178, 1.69630220113742e-248,  2.51412885630143e+42, 1.47737199367703e-40, 1.6253565697167e-11,  6.36283922147215e-58, 1.43758091101276e-52, 5.55677020542527e-134,  4.36721369390608e-264, 4.11543926345802e-157, 5.58501963025679e+185,  2.49206255676901e-33, 4.08265491618393e+20, 2.74730102181016e-295,  2.31719771821939e-307, 1.29925731985958e-255), .Dim = c(5L, 10L )))
result <- do.call(CMF:::p_updatePseudoData,testlist)
str(result)