testlist <- list(cv1 = c(-1.43392846467756e-291, -9.77181113057275e+38, -5.99168986444352e+117,  NaN, 1.99514078271404e-59, 6.64984750889001e+123, -4.12428232049179e-202,  2.64978139971136e+72, 0.000273381591034478, 2.64978139971136e+72,  6.18317094678891e+72, -5.61249477561587e-262, 7.80052339002172e-140,  -7.08187959857751e-304, -8.45677510333821e-307, -3.94696546710465e+159,  2.23073975484097e+95, -1.33800227768705e-08, 2.64978139971136e+72,  6.85067573609229e-286, 3.69475722107921e-254, 2.59273772105299e+166,  -1.41838519564826e-57, -5.27834852036439e+179, 1.45881553333196e-63,  68520398148719120, 1.35451559055241e-159, 0), cv2 = c(-Inf, -2.58281642346455e+303,  -7.23245626289126e-243, -8.65754503208359e-135, 1.33851272546678e-149,  -1.68690280305149e-49, -8.59190274250984e-10, -1.66066510024318e-151,  -5.3541929761624e+252, NaN, -1.2203755302572e+278, 2.43714445441776e+122,  -2.21286379210312e+259, -2.5229485641829e-262, 9.75423912079162e-80,  9.00046749449055e+114, -2.97795851963445e-299, 4.79554593060697e-120,  -2.96028982363215e+114, -1.27523707379359e+25, -9.95096895468466e-08,  5640778635111.54, 2.4988079518677e-11, -5.14084100409515e-132,  6.96259237741271e+103, -6.81563709850562e-283, -1.35787944975617e-104,  2.42222078744097e-169, 2.05509383962635e+102, -2.99789418528285e+169,  -7.63472888695033e+111, -2.46029421678246e-89, -1.4607641047434e+287,  -5.29596882372747e-117, 3.90585764688975e-276, -1.62552228421673e-271,  -1.22287573364571e-240, -1.18557875075446e-112, 1.95288353163952e-66,  3.48624999667135e-180, NA, 8.96234018621035e+188, 1.28155035683406e+24,  46310157.551351, 1.67969795901572e-18, -7.18321103463903e-141,  6.53042585280558e-97, -4.05890548420492e+259, 1.04449287604613e-08,  -6.56767581523248e-249, -2.31274097839045e-204, 126965.751992459,  NA, -3.85567039789044e+24, 1.12350272535994e-231, 1.13155332579937e+81,  8.98413288319271e-67, 2.87581839639439e-135, 1.4994263747568e+75,  -7.4524261629499e+289, 9.20559153698586e+252, -3.20683882737807e+127,  9.72609457107369e-148, 3.95230971949618e+256, NaN, 0), cv3 = c(5.86599487324089e-10,  -2.90013279805616e+181, 3.34909651974557e+95, -2.69743384945477e-143,  3.85773088293669e-248, 7.38659337354349e+245, -1.53052952640705e+263,  7.39595271155463e+59, 5.41534553230711e-136, -35642500870803.5,  1.61838293621528e+123, Inf, -4.05782992392508e+212, -5.84395259273455e+128,  -1.60854713823355e-257, 7.3047583048582e-57, -4.18682316068825e-222,  -5.59511120370746e-213, -1.4010751819622e-21, 2.29128726823252e-301,  7.14460749927614e+158, 1.21921063606916e+106, 7.20202524317752e+228,  -1.06914375914394e+74, -7.81633658607973e-207, NA, -1.14983751244246e+195,  1.32184249831131e+109, 6.35895354338869e+42, 2.20130708259993e+250,  -5.48063306422908e+33, -1.45597757911707e-280, -1.49024374145514e+265,  5.58979394351783e-99, -5.80379010253026e+229, 9.99782869514671e-37,  1.65775455634064e-109, -7.02678492771067e-14, -8.86065251767724e+84,  9.31643875167861e+269, 5.59687615414357e-302, 3.41180536652601e-91,  Inf, 1.18243201984375e+179, 1.06544786725348e-29, -4.16900467526782e+102,  -Inf, 1.44925177093567e+203, 2.60990553742772e-92), heights = c(NA,  -Inf, 1.06955979888097e-66, -3.78522253069486e-99, 1.06160908060911e-209,  1.86218897144412e-100, -4.97641651971971e-130, 1.86218897144412e-100 ), n = -1883310254L, tmax = -998447780L, tmin = 1267844825L,      width1 = -3.100877325089e-193, width2 = 9.86302408731732e-58,      width3 = 1.49900128357056e-92)
result <- do.call(metadynminer3d:::hills3d1,testlist)
str(result)