testlist <- list(D_hat = structure(c(156.239480502656, 4.09312671255326e-190,  1.50782817043972e+156, 3.86714308176021e-132, 9.05953676693192e+263,  315.197660475391, 9.02784301653217e+97, 2.000900890852e-202,  5.48910606063961e+71, 4.3783470254587e+175, 8.67784997817019e+237,  2.40436941964534e+187, 1.22849737774297e-284, 53033430088910487552,  7.46476411490754e-56, 3.50142333452469e-279, 4.14583933980202e-207,  2.81605632700111e-168, 1.0419895764728e+234, 1.65119710311421e-167,  3.08098979811584e-37, 8.58457394315084e-200, 7.70357133424141e-264,  5.56176412898788e-172, 8.8757758931406e-75, 3.26907598545528e-298,  4.04055052678789e+34, 1.53352587612782e-49, 5.96019887888826e+121,  1.54477333812334e-275, 4.90960080611232e+81, 2.24541576981577e+300,  1.07087442450951e+72, 3.33572279710254e+279, 6.58512259286819e-144,  3.40235306170502e+246, 2.84214920157746e-109, 2.4609716900359e+195,  2.27637821870708e-120, 2.9827583696455e-199), .Dim = c(5L, 8L )), Der_D1_hat = structure(c(4.98478127418534e-14, 2.04809539769149e+284,  1.0492665978148e-145, 2.8361619321639e+273, 4.65701884184743e+265,  Inf, 8.97344913818567e-77, 1.17576110538244e+139, 2.83166442559749e+121,  2.39087815808679e+176, 2.96693464351989e+273, 1.98924243343364e+266,  2.62655188644538e+32, -Inf, 2.77365642786668e-252, 2.9710890567465e+59,  4.85302485986895e+198, 4.54093044349815e-78, 1.96507646604074e+129,  8.51893238015622e+232, 3.7204962631799e-117, 4.92985706685272e+140,  7.23902044765599e+211, 1.3731106269199e+28, 1.65674838177398e+224,  7.04390365658818e-81, 2.0092157130772e-05, 2.7418613305082e-239,  4.52947208732344e+200, 1.37228224488322e+169, 1.21104646108856e+68,  -Inf, 5.5166893814936e-229, 4.46319824336954e-225, 4.6318980633787e+136,  0.000812869029395897, 7.02348272462926e+167, 8.25321496173866e-57,  -3.11320883908843e-23, 2.19933508539722e-95, 2.0780928749765e+48,  -Inf, 6.4294927611795e-224, 1.09165408791705e+31, 7.30120583093503e-160,  4.81293202528805e-174, 1.10529309593295e+113, 2.07676810919051e-22,  1.50653432112156e-208, 3.18251592406424e-236), .Dim = c(5L, 10L )), Der_D2_hat = structure(c(2.10999155435579e-110, 5.44811504820473e+163,  6.94514546696391e-307, 4.74509263085105e-95, 7.93634755281818e+83,  5.541910692559e-218, 72216601633028864, 2.35341349321259e-182,  1.01526298153105e+97, 1.15225094924505e+169, 1.19770654464282e-205,  8.80837042383298e-301, 1.45712098698163e-164, 4.41446503345755e+121,  2.98252638079006e+130, 1.89666324520964e-11, 2.11732200820654e+60,  6.15637099447171e+23, 2.16299615616638e-271, 6.94975994103465e-264,  8.03204175874826e-06, 9.17243026261755e-300, 5.65002401525675e+230,  1.17643460219941e-260, 4.68356867221561e-293, 7.58406802313826e+67,  4.90856622382023e+222, 1.22007310661783e-207, 131090920953.996,  2.74002293603529e-306, 1.07596614252379e-110, 3.46382470933517e-211 ), .Dim = c(8L, 4L)), Der_D3_hat = structure(c(3.43017997430892e-283,  4.5499348422717e-145, 1.13073578639167e-290, 2.0303154333704e-271,  4.99524984370528e+112, 4.38873553799749e-17, 8.79301922345903e+94,  2.40198811187958e+228, 7.61887883621698e+294, 9.45205205236036e-51 ), .Dim = c(5L, 2L)), EstFunc = structure(c(4.0030679819201e+139,  1.99029604644981e-179, 1.5417920448047e-308, 6.97092576385814e-31,  3.72072028864114e-54, 2.15280254593935e-135), .Dim = 2:3), Hess_inv = structure(c(1.61699105928669e+196,  1.42170925385195e+273, 6.28513531661004e+245, 1.27338410817795e-62,  2.7313643045935e-304, 8.19745874159301e+46, 7.07940631231655e-152,  2.20447396162605e-291, 1.52527704836736e-159, 3.05896296892681e-217,  1.32661560250903e-151, 1.36585604284666e-300, 8.90336538062597e+96,  7.26363928104412e-306, 1.30461364465573e-251, 3.11899469836698e+247,  1.98956571432484e+202, 1.44853199316059e+185, 1.61069497115182e+222,  6.85709148312493e+252, 6.3595356499636e+30, 4.53830509641429e+222,  4.25691893279091e-169, -3.62536543248155e+117, 2.98780738323429e+144,  9.62773514009925e-199, 2.6505343520711e+250, 2.6369167837473e-75,  2.62612868743707e-161, -Inf, 1.86003336390483e-157, 2.34735843887482e+172,  6.19136418733965e+289, 1.83952773621051e+254, 2.05490419886243e-212,  -3.62536543248155e+117, Inf, 4.77431649209532e+46, 10857335424.3117,  1.32978981961604e-194, 2.46909015116763e-290, 1.18810993209006e+246,  4.10880599164167e+166, 5.28589330464688e-166, -3.62536543248155e+117 ), .Dim = c(9L, 5L)), mu_hat = 2.81501725202838e+231, tt = c(-1.66667893622001e-49,  1.91698338082271e-80, 2.93871033907185e+294, 6.23890285463427e-80,  4.73594416852843e-68, 1.92374608756283e+304, 5.22278042553461e+77,  -2.97932406633684e-194, -2.68155229469859e-130, -2.8443541465211e-188,  -1.37830165814193e-303, 9.46138801054663e+185, 3.43512439634007e-26,  -2.80408356385423e+194, -2.69315621855967e-264, 8.88375296519136e+93,  -1.28149993449481e+192, -1.05378635096144e+270, 9.9348541420566e-272,  -4.49673024853768e-166, 1.08790490440457e-197, -1.2041029401751e+269,  5.69436160505039e+304, -4.31279914103383e+297, -8.50762375722852e-293,  8.10981151245745e+266, 5.79154874698599e-162, -1.52841548347558e+202,  1.08404704783176e-287, 6.87024100783927e+274, -5.68764856223117e-181,  -1.13844874214302e-199, 1.96260971350789e-252, 5.33405194998669e-300,  2.59208973630206e-42, -9.97306573534695e-54, -2.72162996958946e-171,  -3.62546934961208e+168, -1.05877353233728e+151, 2.42723774121938e-180,  2.71379408558098e-129, -2.99574316180368e+172, -3.92218442701392e+180,  3.87644683863415e+40, 2.87529519465824e-21, 2.1613714735693e-216,  -1.24268282218984e+93, 1.1295944748571e-232, 3.92159577538232e-79,  -15667.1775954664, 4.57084549186976e-49, -1.25757101230842e+73,  -8.79373529590978e+217, -9.77937136970318e+240, -6.91902272399548e+224,  -1.16799430317206e+232, -1.9654566928719e+138, -2.97633622985238e-92,  -2.12534603551549e-12, 3.06886759116986e+143, -3.91468555641316e-243,  -5.48275336426756e+103, 9.28985945620188e-15, -3.80097643545023e-13,  4.66046102560888e-69))
result <- do.call(bcROCsurface:::asyVarVUS_C,testlist)
str(result)