testlist <- list(data = structure(c(1.90205584615939e+43, 1.38037713025286e-34,  8.86248267552425e-141, 9.87555297471359e+57, 6.78427432169208e-87,  1.37487594944219e+216, 5.28893314303253e+136, 3.25165981516791e+186,  9.76920670726821e+62), .Dim = c(1L, 9L)), mulog = c(9.53331551133083e-111,  -5.79906826229618e-252, 1.06700800288288e+106, -2.79172212736712e+162,  2.56312470906786e-78, -8.99282258548986e-31, -8.82755493762559e+136,  -1.22554746206513e-113, 1.29389695405799e+273, 2.12807412151296e+194,  1.37692834352936e+209, -3.9984236300491e+193, -1.32380401090141e+57,  1.57779735448833e+115, 4.53694860071912e+95, 9.75379533344263e+38,  2.90576655048207e+278, 1.41366547467038e-246, -1.452386609901e+277,  NA, 1.44535145464986e+286, 7.63290563471016e-202, -5.05136427425033e+137,  4.20340526815385e-35, 1.46044887423456e-263, -1.06985776655141e+245,  -7976575328195.23, 1.23233642438195e-286, -2.54232631668338e+47,  3.68786570860332e-44, 6.0136957827349e-237, -1.88180870481481e-42,  2.27188875166065e-195, -3.06968356018733e-50, -6.38886357178206e-136,  -5.25466166369934e+187, -1553882882.53688, 27.8432391998123,  3.62328404186554e+136, -9.90320080113679e-129, 2.69549303880898e+97,  -3.26160115448723e-129, NaN, 4.63111413480338e-151, 1.73426174622886e+307,  -4.92409204485243e+81, -5.14187328642239e-305, 3.60871536713583e-119,  -4.38556819435158e-158, -4.13593272653761e-177, 8.23446385813707e-279,  6.2526415331457e+276, 4.12807665195546e-238, 1.41619595615705e-46,  5.85078770092059e+130, 8.19795456975426e+117, 5.92623681562541e+227,  -5.38390512832367e-193, NaN, NA, 5.78360709551728e-51, 1.18101702499632e+156,  -1.47497086717837e+38, -3.96952750059465e+123, 1.24877645822518e-209,  -1.72503612223544e-270, -2988.02515021876, 3.53133092529513e-213,  5.34638676798944e+90, -4.56964225047449e+186, -7.50270739976542e-237,  9.77441176783236e-245, 2.4209969184541e+22, 2.32703287815517e+148,  -2.927459971799e-08, 1.02527731198096e+136, -5.51574736818301e-290,  -Inf, 2.99395704775164e-307, 4.68179701245019e+127, -1.84674897850226e+203,  5.02758628380167e-76, -4.22683687235354e-226, -221905.711740995,  7.59798017105541e-288, 1.69462016697414e-107, -3.01535943178179e+29,  -3.98044268391737e+231, -1.84168906510728e+185, -9.04678136596149e-144,  -1.12127153638779e-67, -5.54051013632241e-272, 6.18504440303688e+246,  -1.03914591958946e-145, 7.4158003629161e-280, 4.53342498445618e+38,  3.97841475301863e+276, -6.83684463097666e+235, 1.39390968638822e-151,  0), sdlog = c(-8.47395444756726e+216, -9.82572337051112e+165,  2.22156204038422e-08, 1.71881989157293e-285, 1.65266911314109e-105,  Inf, -5.98377026003972e-212, -6.24338891918459e+29, -4.08873692760909e+118,  -113008646.988607, 6.93940594200746e-258, 7.58517093086234e+230,  -8.08984139805647e-177, 7.2807052766054e+62, -Inf, NA, 5.13730691927101e-70,  2.43609507555771e+59, 1.15844426096311e+136, -6.05325350672873e+291,  -6.27240940939135e-231, -1.87491157947494e+239, 6.68832864063033e+168,  4.08527379220467e-252, -7.59612874526997e+153, -3.79111199427059e-296,  NA, 0.537694851808518, -1.9071260248467e-68, -2.72597641669633e+99,  8.21329798858358e-181, 5.56589931185489e-202, 2.72111866484037e-268,  1.81207001979439e+148, -1.68152431535053e+228, -3.9971045988278,  2.39820868777169e-121, 6.39313524490206e-253, NA))
result <- do.call(mixR:::EXlnorm_C,testlist)
str(result)