testlist <- list(boundary_conditions = 1650667230L, cx = c(2120796143L, -523344851L,  -1364041863L, 2021736379L, 2022640883L, -334901093L, -1137699589L,  -2002159097L, 289535729L, 257629907L, -180340114L, -1032246982L,  154480117L, 1056805114L, 765851062L, 1315945823L, -1330425665L,  242193156L, -1345490319L, 1201384272L, -791132914L, -690616061L,  2080291273L, 1853237278L, -1364041863L, -412009321L, 1051592837L,  1236587801L, -1944377246L, -248420756L, 790574493L, -1772241728L,  -711264067L, 188044361L, -480456915L, 279201437L, -1083244624L,  -1620763441L, -2058261477L, -1373054076L, -1026342451L, 143988716L,  -236578558L, -1973444790L, -828442003L, 68631689L, 1755948055L,  -780166252L, 1390174555L, 1903708002L, 1583375593L, -1090309235L,  -1574044762L, 1144467373L, -522992462L, 1381975716L, 1000865708L,  541462142L), cy = c(-36551517L, 1168902587L, 1191040014L, -342746351L,  -2133583808L, 1389384494L, -821410187L, -1073136707L, -612409056L,  728423538L, 1739620435L, 1117480130L, 1887175618L, 1297543196L,  1614188832L, 1087168027L, 1262435447L, -1457985263L, -932617206L,  97045877L, 1171273618L, 640134790L, 1581229726L, 193247574L,  -1007301267L, 230063829L, 551739429L, -1431463185L, 2110882211L,  -131126954L, 1859122297L, 1420742679L, -1549957967L, 1409451636L,  -463038065L, 322141840L, 67122172L, 794579870L, 742856576L, -169371751L,  -2061743399L, 516967683L, 937857610L, 420535069L, 269359424L,  1802296983L, -1259006039L, -575782302L, -896779287L, 1569254548L,  1853808263L, -1900436321L, -927080653L, 717081310L, -1293842545L,  -1882525350L, 1445741491L, -1271970014L, -1389975237L, -548545881L,  196729397L, 1990464297L, -2053457899L, 1688891323L, -692949365L,  -508121714L, -598226501L, -1532730449L, 1564337364L, -487064217L,  -1833599754L), cz = c(-975803030L, 2060458455L, 251571184L, -173516921L,  1590984381L, -1087376547L, 1337252645L, 602462184L, -1102753224L,  359403299L, 1790645087L, 1668016065L, 1063616510L, -1804444700L,  657918282L, 534852317L, 646255931L, -249274533L, -546129341L,  -576650212L, 109255579L, -160006371L, -1383569460L, 1771678095L,  515820303L, -483759422L, -1675295366L, -972384563L, -1917753213L,  686268629L, 1862771417L, -1588893505L, 171167725L, 1564061690L,  1588950053L, -1089801652L, -1134898972L, 1097906608L, 2019264793L,  -1477257039L, 631742083L, -515015361L, 49374401L, -78246217L,  -1327588367L, 1314235078L, -1339302057L, 498600003L, 1604765248L,  -196902666L, 887404591L, 1002891243L, -1534927374L, -679495288L,  -1432821816L, 1357384624L, -1898844030L, 342915400L, 1429305232L,  -144802917L, -514290248L, -683261822L, -551531985L), im = c(1.27890654606226e-188,  7527485546020.59, -2.14488209182332e+105, Inf, -2.02048162434253e-44,  NaN, 3.42032101584627e-93, 8.27932373953685e-269, -4.36408839884835e-38,  Inf, 0), wx = c(-1007082054L, 651172154L, -102567471L, 691163912L,  1386035034L, -233312232L, NA, -1680556706L, -840820699L, -2089984387L,  1347440249L, -2103344684L, 1052257840L, -820098890L, 681238211L,  1855660603L, 2100977921L), wy = c(-87611230L, -2019124586L, 1913333983L,  -41055577L, 560275923L, -2007847611L, 1615491082L, 181809412L,  -1638291931L, -12534927L, 1273188424L, 1910173586L, 1058104775L,  1662127299L, 1551682918L, 1392405232L, 1460671830L, 1355925403L,  -1273502939L, -237783248L, -467863737L, NA, 2144924114L, -698564050L,  1826129085L, -1454614435L, 1664910165L, 255493619L, 1467824773L,  -2143023104L, 469947123L, 1586766282L, 1822787349L, -236948651L,  485927467L, 808394375L, -1403515603L, -1675809351L, 536849533L,  -1815263232L, 1926174052L, -1349994037L, 2120480431L, -1844169153L,  1816357897L, 1637466752L, -1737556437L, 994454445L, 356585925L,  -909471672L, 763885504L, -1691484408L, -1123115733L, 80958108L,  1095812988L), wz = c(NA, -1208577301L, 822339895L, 86928013L,  1801302485L, 1339928748L, 442305834L, 1544190892L, -834104442L,  1059418480L, 693806894L, -1995326476L, 1852688829L, 1249470821L,  -696873166L, -2146705585L, 1400034706L, -1757019200L, -1582633430L,  -1129701846L, 401074273L, 1615971894L, -933861304L, 1632081844L,  -1184086191L, -1286991532L, -201294160L, -1432560703L, -2084363549L,  350820828L, 1065428384L, -910404478L, 698078172L, -437964582L,  -441546097L, 1248153805L, 678604861L, 1539905946L, 1245592083L,  -74475996L, 711524368L, 1311828531L, -562773464L, -636291838L,  -2052767776L, 1851358136L, -1749693294L, 1147319919L, -877232358L,  -429306428L, -586093385L, 585218727L, -2030466828L, 1375972842L,  -1199997699L, -617386842L, -370425648L, 1410241585L, 511830336L,  NA, -1670324753L, 1938479403L, 55912670L, -2003532430L, 2135245523L,  1406535025L, 1475261114L, -1852136659L, 176168061L, 200648718L,  1272049107L, 1701987813L, -1215842293L, 1589476533L, -1423020228L,  -938317102L, -1819914338L, 2096671943L, -912680402L, 199234499L ))
result <- do.call(imager::extract_patches3D,testlist)
str(result)