testlist <- list(bg = c(NaN, -1.64217809273048e+131, NaN, 4.23066581849164e+207,  2.48183270265646e+47, 8.28182054105106e-108, 1.38680336694119e-275,  Inf, 5.78199949171137e-237, 6.2320075141858e-30, -2.11814402719399e-273,  -1.27000634718051e-269, 1.09457818701388e+240, -3.14298318954663e+178,  -2.74505505312392e+143, 4.27914432640749e+225, 6.36261492581283e-209,  -8.98934695502905e-156, 2.33085174425266e+48, 3.00618321575548e+174,  -8.78387566818307e+63, 7.56032999167439e-26, -1.25716071873292e-14,  2.25199374422079e-184, Inf, Inf), d = c(2118832831L, 873975437L,  1323525406L, 346352410L, -2046264737L, 960397450L, 573869725L,  -416789147L, 1931420839L, 938685829L, -694508566L, 1049494980L,  -1753275184L, -1113302305L, -655852353L, 298460548L, -381080800L,  1012966930L, -95814343L, -670892689L, -2128527553L, -979755362L,  -2103747181L, 1703024462L, -867995896L, -1558897762L, 1578686262L,  450143643L, -152708421L, 2147047681L, -1799907847L, 967591685L,  -273281389L, -886492886L, 1091067995L, -603523374L, -338588054L,  -890803362L, -1644144680L, -1382097508L, 1441476384L, 341854805L,  1756082245L, -1314449508L, 2024080962L, -1921933269L, 1928790815L,  -1780368406L, -857011231L, 1263875764L, 15202737L, -1911534330L,  -1236055997L, -974623177L, -546154892L, 1393647391L, -60161976L,  -1086849856L, 519401900L, 96449211L, 318439127L, -496169279L,  -547080910L, 1989431666L, -28132674L, -1984528729L, -1410378831L ), e = c(-9725727L, 1815802986L, -1934743531L, NA, -1777352380L ), m1 = c(-1.66667893622001e-49, 1.91698338082271e-80, 2.93871033907185e+294,  6.23890285463427e-80, 4.73594416852843e-68, 1.92374608756283e+304,  5.22278042553461e+77, -2.97932406633684e-194, -2.68155229469859e-130,  -2.8443541465211e-188, -1.37830165814193e-303, 9.46138801054663e+185,  3.43512439634007e-26, -2.80408356385423e+194, -2.69315621855967e-264,  8.88375296519136e+93, -1.28149993449481e+192, -1.05378635096144e+270,  9.9348541420566e-272, -4.49673024853768e-166, 1.08790490440457e-197,  -1.2041029401751e+269, 5.69436160505039e+304, -4.31279914103383e+297,  -8.50762375722852e-293, 8.10981151245745e+266, 5.79154874698599e-162,  -1.52841548347558e+202, 1.08404704783176e-287, 6.87024100783927e+274,  -5.68764856223117e-181, -1.13844874214302e-199, 1.96260971350789e-252,  5.33405194998669e-300, 2.59208973630206e-42, -9.97306573534695e-54,  -2.72162996958946e-171, -3.62546934961208e+168, -1.05877353233728e+151,  2.42723774121938e-180, 2.71379408558098e-129, -2.99574316180368e+172,  -3.92218442701392e+180, 3.87644683863415e+40, 2.87529519465824e-21,  2.1613714735693e-216, -1.24268282218984e+93, 1.1295944748571e-232,  3.92159577538232e-79, -15667.1775954664, 4.57084549186976e-49,  -1.25757101230842e+73, -8.79373529590978e+217, -9.77937136970318e+240,  -6.91902272399548e+224, -1.16799430317206e+232, -1.9654566928719e+138,  -2.97633622985238e-92, -2.12534603551549e-12, 3.06886759116986e+143,  -3.91468555641316e-243, -5.48275336426756e+103, 9.28985945620188e-15,  -3.80097643545023e-13, 4.66046102560888e-69))
result <- do.call(trackdem:::sb2,testlist)
str(result)