testlist <- list(f = structure(c(2.30980258295413e-182, 7.7138684480244e+222,  7.63196218141027e-179, 1.5169999407476e-149, 8.84503376600421e+276,  8.24884434978864e+80, 6.98711896721922e-223, 3.06215421439979e-53,  1.47931183638417e-54, 5.23903260497259e+92, 3.77278919375484e+117,  1.31852720680206e-92, 3.87494901729954e-252, 4.06346240791837e-59,  3.52963133774942e-120, 3.2583626303841e+189, 2.55974175423769e-54,  5.13409978679011e-200, 3.78577134867092e-20, 1.67916440514118e+53,  1.94040154058885e+23, 4.22494255461838e+112, 1.37322168644335e+180,  3.09178888012862e-63, 4.15406653965674e+299, 5.54631615997981e+126,  1.10287023948386e+163, 6.83110214643533e+156, 1.34693537674841e-281,  2.48646550692624e-24, 1.15215786912982e-54, 3.12940686153516e+182,  1.67814989841151e-244, NA, 2.17840625421554e-188, 3.2817955527698e-228,  9.24462841296526e-269, 3.61640802511807e-138, 5.56262456606563e+109,  1.19057123213934e-138, 5.82654064337691e+204, 8.58756681157123e+51,  2.09165528866342e+130, 1.07433804645239e+96, 9.27460001364049e-43,  1.39177659084603e-50, 1.19456164871963e-123, 5.61827089511087e+110,  1.02828862471477e+24, 8.1232206665293e+215, NA, 2.15259518937072e-192,  NaN, 1.22472620008728e+289, -Inf, 1.15360506611592e-33, 9.11476566499204e-58,  1.80483739573767e-156, 1.39326849264925e-36, 3.48354762517695e+255,  1.20700687787189e+126, 1.53032245185955e-27, 4.91542968496158e-166,  1.24279905288058e-267, Inf, 1.97320653469229e+115, 7.64698378903856e-93,  1.76215164845093e-16, 4.97226305365223e+295, 2.5052630118839e-188,  1.35406190526319e+52, 1.65192878120407e+49), .Dim = 8:9), origin = c(-6.22108655137266e+272,  -2.11921590636165e+85, -1.62929348291494e+63, 2.97473643890528e-162,  1.38686401330663e+242, 1.35821547567478e+166, 2.33043825127844e-248,  5053395844987.44, -7.91953784090027e+194, 5.11639471989435e-144,  -2.33801983216938e-198, -1.4998920250016e-10, 4.32397112202645e+216,  -1.06934737737141e+213, -9.43147286550272e-93, -3.03937140696458e+176,  -6.48737466866726e-106, 5.4545912149048e-152, -1.49013040741336e-270,  1.33233599427472e-306, 2.634957758912e+131, -4.5035041676594e-150,  -5.65161916886205e-264, -1.14239874383002e+36, -8.10242751598688e+208,  -1.11251219905271e-275, 5.63611898962895e+298, 8.98834942688884e+132,  -6.81615275006622e+140, 1.77934977176369e+285, 1.27517491309844e-122,  2.21466338399141e+23, -7.4120283993724e-200, 4.07837916520639e-07,  49162.9299781356, -3.71916909464789e-209, 9.7954493174521e+249,  1.32364259065054e-46, 1.94760736624855e+93, -4.45843171260709e+272,  4.34810076714272e+52, 1.26004873944341e+76, 7.16631376181137e+32,  1.26317915276536e+169, 6.76244126652507e+200, -2.69306363947724e-207,  -2.4816834378776e-52, -3.64335040749596e+108, 3.37575625489579e-242,  -921726004805.84, 3.67146004111885e+231, -3.26709624179781e-80,  4.1381402965908e+78, 1.77095283448148e-189, -1.08953751927528e-16 ), v = structure(c(1.02532483752325e+261, 1.46340296343369e+288,  5.67165037573218e-306, NA, 5.43908332228391e-105, 1.12756429789692e-57,  Inf, 4.85713114047829e-272, Inf, 3.30698101927463e+94, NaN, 4.12846164752131e-51,  Inf, 61.3402689356117, 6.30846847410014e-13), .Dim = c(5L, 3L )))
result <- do.call(icosa:::allTriangleCenters_,testlist)
str(result)