testlist <- list(proc = -131568591L, x = c(3.77801742535024e+233, 2.06200908658298e-157,  -6.18633653298487e-186, 9.59333572885439e+114, 1.8117192363624e-07,  -5.47802596092225e+238, -2.15376745826291e+114, Inf, 4.78221456162696e+151,  -6.98299881085563e+216, -1.59836747277606e+21, -1.30869833830382e+185,  1.02617415530929e-274, -1.09878172772527e+279, -3.32374745812046e-127,  -2.73744465497181e-220, 3.76745098407437e-265, -3.50901381882256e-279,  3.98692867124797e+28, -4.09071125997143e+26, 1.79293029199268e-196,  -5.2328877994536e+103, -1.30869833830382e+185, 1.80193092104632e-236,  1.22663523975874e+232, -6.54962236190789e-88, 2.37992170887389e-247,  -1.64060174719993e+273, 1.20847391337038e+246, -2.39028263827408e+298,  -3.49634254249495e-236, -3.26287113058635e-193, -3.00750741180714e-213,  -9.37024789608686e-64, 9.73569851285025e-195, 4.90931445545159e+203,  1.03253390377838e-59, -3.57492036382244e-48, -1.78331938833349e-209,  -58.8650783550352, -9.90228786857181e-277, 8.89636317958564e-242,  2.95233597641611e+187, 1.86350552451023e+93, -1.10542150249939e-10,  -7.93643852185938e-291, 1.2133048536732e-43, -4.95960028332084e-229,  -1.99674034202224e-16, -7.84510822623115e+143, -2.28847706229743e+255,  -2.89884444179627e+295, -5.13108105386733e-302, 3.01722890952462e-80,  1.25198581269217e-17, 88.8949189061153, 1.41151552185829e-275,  -4.10483774430256e-289, 6.14560727461289e+219, 5.51447234883872e-128,  NA, -2.68199142698178e-20, 56594.1091388979, 1.4060592344083e-96,  -2.98885777441986e+288, -2.46182629126587e-29, -5.33079257171252e+118,  -3.92784691106046e-242, 1.62350544110125e+30, -4.76694056993981e+85,  -6.86664913511674e+188, -1.18856857881953e+229, -2.0088828183192e-228,  5.43815004361499e+103, 1.19777736071141e-100, -1.76847796232155e-129,  NA, 6.91082177068266e-256, 0), y = c(-1.43625942370323e+233,  3.79003226637594e-72, 1.54474595961786e+43, -5.04507427237096e+119,  3.18427595842415e-164, -Inf, -3.95101266625406e-62, 2.01484408115962e+160,  6.82973449423856e+248, 1.13175022350913e+142, 4.9620782507935e+125,  -1.68337497383143, -5.37212319937881e-19, -1.06798986523381e-10,  2.85882289564242e-171, 3.81500211756236e+87, -4.51574943814169e-55,  2.88413314803868e-213, NA, 5.54707483775817e+161, 5.50667382029725e+216,  5.85934594599664e+190, -2.91418342926563e-215, -5.14781595950632e+64,  9.01473676983366e-136, -2.57780748864106e+143, -3.39036671485715e-77,  -1.96582332714108e+202, 4.61933634282729e-263, 9.79909876422195e-149,  6.16455791306117e-272, 1.7796442043412e-219, -1.67000659156358e+87,  7.92522758241908e+150, 1.59497388552554e-254, -2.60802173690516e-204,  NaN, 1.14321366783698e-97, 9.58606732262248e+51, -1.09717293134543e-187,  8.15663157266714e+117, -3.53137541592155e+52, -1.17825320727808e+145,  2.12448310405344e-170, 2.23456576001483e+303, 2.09059496107542e-299,  3.85159439585085e-121, 1.77866666446751e-186, -5.93629095867594e-225,  -2.19910331900752e+22, 5.70771805726746e+111, 4.46823233980726e+236,  -1.18474417043955e-196, -1.63019246220321e-185, 1.81035815347255e+25,  -3.03992072894612e-273, -7.19219029578552e-126, -3.51340067748273e+205,  -1.11758847675373e-39, 3.55083770045172e+227, 4.84159735048337e+56,  -7.81268552861559e-224, -2.66145560969894e+78, 1.00540970909683e+284,  5.52218888228465e+39, 0))
result <- do.call(BNSL::mi,testlist)
str(result)