testlist <- list(Mu1 = structure(c(9.7418245936956e+45, 5.29806230482387e-166,  2.85472334118952e+260, 1.25689461577918e+165, 4.32896350105805e+46,  6.18511674550766e+203, 5.02170378639067e-162, 7.8081725010388e-106,  1.43298848675003e-173, 2.92049161347195e+161, 1.59388514841253e+245,  3.32045630016375e+48, 21378101.1562147, 2.67216352384654e-255,  3.47085347635696e+63, 2.57478930843451e-61, 1.90003876896713e-269,  3.70092417500436e-302, 8.09534162517403e-279, 1.78276175566869e+291,  2.55126656432304e-270, 1.06381859609597e-54, 2.8081982531301e-73,  2.55689212999276e-261, 1.97735935606217e+39, 2.55838241906722e-104,  6.53922832007702e+39, 3.68081515129669e+208, 2.9595259248315e-204,  1.91522956954562e+146, 2.91081104083016e-104, 1.07328275796213e-200,  3.79698145227677e+188, 2.75978463109233e-140, 6.74534869196211e-230,  1.9181552820854e+90, 9.82560907513694e+112, 8.36555410881813e-80,  3.44124648493452e-132, 1.07879098510034e-68, 7.78335117723316e+133,  3.77986198212669e+280, 1.71284747100255e-66, 6.28299743004338e+209,  2.92148669071246e+261), .Dim = c(5L, 9L)), Mu2 = structure(c(4.68927200987777e+152,  3.57348216630065e+264, 5.02584032771071e+122, 1.16445961609988e-155,  6.46281397160915e-116, 4.71437384932183e-32, 1.15213221563995e-269,  3.43819592993445e+189, 1.49936822881059e+222, 2.51893642513084e-90,  5.14073107348864e-306, 3.41085933094135e+95, 3.82173548796529e-65,  2.2590640339759e-107, 1.3588323064103e-24, 6.14992977586108e+298,  5.7107238752481e-273, 3.55660693276861e+119, 8.92242674687856e+241,  4.43779560584689e+180, 1.22383806024777e-104, 4.91368405421255e-247,  5.17424728763085e+227, 1.24561854638142e+241, 1.54797680970601e+90,  5.34400141152184e+38, 2.10631035925534e+69, 1.23181954906129e+152,  7.10722431813715e+227, 5.31736782778764e+267, 1.13527147860347e+215,  4.54178813462022e-104, 9.89337953614221e-47, 1.78814694453505e-282,  1.49205951461884e-286, 7.81669093682354e+289), .Dim = c(9L, 4L )), sigma = c(-1.37327025238546e+174, 1.04828873717241e+171,  2.28122385961915e+88, -4.02918177072578e-259, NA, -5.61115560212509e+59,  3.61495409533889e-203, -20.2419230316663, -3.18386168186308e-33,  -3.22356873104894e-111, 7.88084829581666e-294, 2.18164596718986e+48,  -4.12416007066587e+160, -1.28998691692359e+302, Inf, -3.3328539852323e-233,  -2.1271973227424e+266, -4.70122784429601e+107, 1.11264970753977e+250,  -5.1223182045597e-286, -1.29414606984307e-256, -8.21170596850645e+195,  -9.37983756484947e+164, -8.8524944547903e+250, 4.32481379824126e+160,  -1.26135037329872e-141, 2.32454511179986e-234, -7.12743036563604e-34,  -4.2641688374546e+105, -3.88597002749561e-305, 32230.6845729606,  -2.25426648446606e-232, -1.5620220513607e+205, -4.858890441154e+97,  -2.79565896937168e-112, -371161046868016512, 4.02984660601629e+264,  2.06771144476115e+286, 7.4651102841762e+303, 8.19013701179141e+58,  -0.0864352137447238, -8.85768918625741e+183, -1.50081770432565e+47,  2.38507892735401e-242, 3.27112942659368e+195, 1.70377699459283e-279,  -2.35501648556714e-88, 1.51668278829491e+32, -9.52687351923857e+92,  1.1916637939752e-278, -8.88813424318279e-65, -2.60271320296531e-158,  3.19794735429095e-65, -5.16509041811766e+197, 1.13218628859426e+98,  3.65323682880085e-60, 2.51718481304817e-43, 258.445441411779,  5.86737987070359e-207, 1.40450574890423e+228, -8.23151901398211e-124,  3.27112942659368e+195, -6.65042443226363e+249, 1.07477586113983e+219,  2.39723113720652e-251, Inf, 6.52112528497347e+287, -1.49926253193187e-87,  -7.78980333756307e+297, -5.29645341408037e-91, -3.29856775766217e-141,  -1.07961373069772e-93, 7.52525912736922e+33, 5.91660416355674e+134,  1.1124338565676e+67, 3.92771091445501e+305, 7.03962114235389e-289,  -2.58244425656404e-210, 1.05865348125013e-196, -1.06502740344379e+126,  -4.36236036310704e-145, -3.63974252073885e+170, 1.25818987295849e+206,  -8.77172313934082e-117, 3.47088438640928e-225, 2.05419671891436e+58,  -1.0184592272037e-262, 2.0336939833527e+147, 6.0240961453094e+232,  0))
result <- do.call(hetGP:::Wijs_gauss_cpp,testlist)
str(result)