testlist <- list(data = structure(c(4.64165530449818e-222, 3.25260078187402e+27,  5.66779863398066e+119, 1.09265167829255e+158, 1.7041162569444e-100,  1.58468861932099e-183, 3.31649330244057e-174, 6.20758563136646e+47,  2.24957857418572e-187, 6.05202204756197e+161, 127076218085.785,  2.14155022263313e-262, 3.138869989011e+299, 7.65113780043845e-277,  5.01775147371895e-177, 7.28561794872732e+37, 5.97047005737947e+304,  3.60032272236663e+297, 2.38431759210992e-190, 5.53220355487237e+222,  8.78864565861182e-72, 1.87925297920729e+175, 3.17855722480534e-67,  2.67095927486413e+142, 1.87733572670015e+167, 2.17410597445697e-143,  9.9337726539191e-33, 3.30710579014803e+193, 1.22525772359172e+149,  2.89359612679124e-64, 3.07974652622283e-260, 1.90931580049456e+183,  6.13259560051053e-235, 9524921462851500032, 1.5850835893924e+220,  4.40895986378592e+277, 4.60480457938414e+243, 3.27786682618615e-133,  4.12146476739333e-40, 1.78226760434096e-137, 3.810078242444e+47,  4.10695484303046e-228, 7.61111498369716e-120, 1.78107195386285e+89,  9.55207978279664e+201, 1.08662697308981e+257, 1.14418832716613e+308,  7.41942331202868e-20, 3.578616540073e+99, 6.17004301251918e+302,  4.89700630295499e+132, 3.05999372557807e-186, 2.69381065729501e+163,  3.98388997942306e+286, 1.02572785783358e-203, 1.76878497790905e-308,  1.37589471091108e+26, 2.80460439103368e+256, 4.8693119560277e-193,  6.37755152085022e+299, 7190401357.86465, 6.21751550984789e+72,  5.17294413064348e-143, 5.56454885082619e-99, 4.61270082299274e-106,  1.58338173764715e+40, 26687149.2160845, 3.12225156051334e-296,  2.68578578442247e-19, 1.06575786924934e-24, 0.000188661238394205,  2.04015767251461e-20, 2.73441853208953e-303, 3.3224518675245e+137,  3.38273713634802e+104, 7.74007629254803e-117, 6.41250307484572e+221,  5.87877768975226e-57, 7.21386870046286e-298, 6.29816639110315e+160,  3.4221289743677e-245, 1.20054401568468e-253, 2.42675088673995e-63,  1.54382305873847e-101, 7.22651682258751e+88, 3.61788446854977e+232,  1.46216766809989e-288, 1.48406336174335e+198, 1.06332590675796e-94,  1.91285077705114e-299, 2.47942360080741e-207, 4.30863803877373e-206,  4.0276518228893e+116, 8.32133514464e+80, 1.12981308169612e+135,  6.73452577377345e+80, 1.54991552673511e-97, 1.51541165440229e+39,  4.65759382794395e+185, 5.82672459986897e+128), .Dim = c(10L,  10L)), max_iter = -1961691097L, mulog = c(7.67257184682535e+229,  -Inf, 2.56046181530164e-194, -9.68886846160263e+179, 3.02369330603654e-200,  3.9474691417367e-287, -1.288233666766e+42, 3.21307038474357e+211,  -2.89261045226432e+122, 2.2142919787482e+225, -5.56274993841881e+240,  -2.12749733543679e-91, 3.57133033870939e-46, 2.31159732944358e+256,  -6.07903408545168e-163, 5.75472672951586e+80, NaN, -1.36933484764577e-237,  1.19195433063408e+176, 9.45943738125112e-37, 2.46341146491864e+61,  1.88171555015221e-61, -1.78874618584627e-217, NaN, -1.39269998909944e-78,  3.25758563731799e+204, 1.20978337048414e+197, 4.03009837939567e+91,  -2.22684234915819e-239, -1.9863671909906e-202, 9.10946719354503e-116,  1.68152117674004e-32, -1.66195717832837e-174, -1.82255059568635e+253,  4.09139160148158e-61, -9.63907341561241e+101, 2.13552959880251e+284,  -1.29032128997256e+119, -52189.4597271193, 3.49238890604749e+109,  9.60841118541216e+137, 2.27455087404385e-76, -1.14298704436348e-253,  -1.04829707763649e-236, 1.2733684631586e-125, 1.54949064863425e-305,  1.25941469693136e+60, -7.65781396634799e-32, 3.0924586359686e+221,  Inf, -7.18103530448444e+239, -6.05099122222107e+269, -2074802.82318601,  -2.41601388316146e-26, -4.84071718871409e-61, 9.28052416920788e-256,  0), pi = c(-1.02466898951256e+297, 2.27869197953585e+120, 9.62308165375016e-225,  -6.49590964896585e-101, 2.01012777847202e+47, Inf, 1.59243761830385e-233,  -1.5662118701746e-299, -0.844542805613991, 1.5523043172992e-116,  -6.40939971022117e-217, -2.27641435067861e-139, 3.15204197066069e+129,  -Inf, -Inf, -1.18430060565054e+38, -1832688684433.79, 9.68765903500581e-62,  5.51258951355176e+223, 9.5014326737297e+291, -5.2987765431757e-243,  5.77351767081399e-182, 2.49019663509747e+57, -1.06349507931503e-283,  NA, 1.04623131859723e-246, 1.47185448628732e-111, -1.47510172700057e-119,  8.79094905114701e-152, -1.89682077579545e-71, -3.89128209111938e+101,  -169726780062312320, 2.6434557126181e-119, -7.16352556089518e-217,  -3.12522049241555e+126, 1.27447071437345e-173, 3.11228083330286e-95,  -1.64319664885217e-186, -5.04491550711593e-162, -7.57679796346522e+123,  3.6182707293341e+179, 6.67995992080784e+100, -7.88504991901148e+198,  4.59461122434615e+297, 4.26261355382831e-241, 1.05879324844817e-206,  -1.25112306944581e+284, -5.24620191077972e-277, 7.57853210126772e+98,  -5.58039220603733e+304, -1.50825265172434e+144, -1.44308531062374e-90,  -2.85150891220799e+283, -1.20570650048782e-32, -5.92761182540891e-290,  -2.13977464601385e+266, 8.07142543959163e-75, 8.51159558948646e-125,  1.20247957017194e+303, -1.73804200618104e-129, -4.87135769116202e+282,  2.52581731133234e-248, -2.54616385655622e-139, 4.54708862621535e-233,  -Inf, -8.07488654238589e+198, 25484090660.9069, -4.64641972080454e-27,  3.96093828409345e+114, -1.7006476618146e+198, 1.39837611889944e+99,  -4561695330391148, -1.21894221867719e+85, 232.683535095532, -1.87420687992708e-94,  -1.57734185158203e-200, 5.81253972366309e-21, -9.47792644305151e-243,  1.74362672550704e-222, 7.02383117471071e-201, 6.3000655091067e-14,  8.55321091460015e-199, 3.71605603724115e-237, -2.49340310537807e+109,  -2.64808175621007e+98, -2.25855534689292e+280, -1.91264549592924e+126,  -1.39417485967632e-68, -2.00514880055317e-222, 1.72484141387757e+85,  3.66259177599061e-74, -8.13379706791466e+127, -38564.0725008579,  0), sdlog = c(4.17601974991868e-184, 3.09170357611146e-242, NA,  3.65553970191896e+273, Inf, -3.87199448831261e+233, -2.06475666996043e+183,  1.84518594737982e+70, NA, -22484284081370.9, -2.10508928654461e-201,  -1.33517790547859e-180, 1.4982202343167e+142, -Inf, 1.25170124586336e+296,  NA, -7.16048243670907e-82, -5.60586210303086e+91, 3.2279283426459e-152,  -1.75855388389865e+182, -3.28261720727513e+306, -741646824.24841,  -1.09234843229255e-235, -7.8786706816205e+192, 9.47474560218101e-61,  5.95673901996583e-298, -3.97157021949692e-90, -1.79767070293855e-249,  -1.07094529875903e-198, 3786354718066354688, 9.70186136754412e-82,  0), tol = 3.04831673551734e-86)
result <- do.call(mixR:::lnorm_g_C,testlist)
str(result)