testlist <- list(nsites = 1015748908L, offset = c(-Inf, -7.08574376597987e-288,  1.32276203947469e-268, -2.84733321073952e+75, 1.30869881112019e+221,  4.64219674600995e+91, -4832943558947.79, -6.64268916406616e+307,  -1.71045210098986e-94, -2.25638557571881e+163, -Inf, 1.88371980007996e+207,  9.59355569514662e+111, 3.84754192294634e-292, -1.64751195318111e-33,  2.53520946108791e-144, 6.54054433618404e+85, 5.09820411843912e-99,  -1.38215956172815e+177, -3.58957824360051e-92, -8.55943884267659e-241,  3.84797035962771e+197, 5.20498339209581e-222, -3.99691243101898e-187,  -5.74003809490294e-196, -2.00244281411631e+116, 9.10233141495425e-210,  -1.5066806139045e-123, -4.07947007449546e-97, -1.27038229304238e-172,  -1.52233179663255e-108, 0.654182073661559, -1.371094208017e-170,  3.36657782314461e+77, -2.14374479307065e-47, 2.47836745245422e+211,  -1.26102682486488e-86, -1.48625376659094e+86, 1.09924718899769e+249,  -1.29330881076837e-113, 1.37515916206138e-203, 9.83316957435452e+26,  -3.19271345205456e+286, -8.95390749755712e-263, 247659697750240992,  -5.28616139045535e-204, 1.69538680865796e-72, 1.70179945332975e-177,  -6.06295093309856e+69, 2.14437822890539e+156, 2.02170310984505e+62,  Inf, 5.56893298906958e-47, 1.43380262853729e+299, 3.50246843462105e+248,  -4.2783225204995e+155, 279121834488158, -9.94595686417856e-71,  -1.09508492165635e-203, 9.90063772330271e-200, 9.26492209986963e-221,  -1.36323692362885e-213, 6.97928069440757e-154, 5.24944809293028e-306,  -5.08357605457731e+59, -2.59522799897321e-168, -2.96431745320218e+195,  1.57824007083535e+164, -2.23623452073144e-81, 7.12773517068255e+71,  -1.04088170043572e-264, -3.76986190460959e-56, 9.73672868158292e+79,  -1.79657048169097e-155, 4.17984353053027e-279, -4.49475356829362e+147,  6.75156965871648e+28, -2.07380464768696e-203, 6.81711892174085e-150,  1.62314033804663e-187, NaN, 0), phi_tune = 1.40657832212492e-268,      phi = c(8.56131127993907e-78, -7.47068198303298e+289, -4.38896367946739e-144,      -7.29793648566729e+303, -8.33964694028755e-110, NA, -4.11993522055601e+70,      2.75413158011571e-127, -7.43784388834795e+287, -1.54557049018179e+92,      -2.00152965439571e-194, -6.54755591873676e-288, -Inf, 4.86788338695915e-306,      -1.12391610535391e+108, 3.51048119460434e-43, -17715.7494975756,      -4.609130388484e-237, -2.05900088955184e-198, 4.35427612425637e-212,      1.7714916795979e-40, -2.97895512057577e-299, 4.08951985161888e+61,      1.71401604251206e-21, 3.82427048355424e+300, 4.56665660785673e-185,      -4.81892612535346e+305, -1.8620478349642e-32, 2.92920107058805e+110,      -2.93375853120622e-48, 8.49048703963759e-145, -3.95447731113405e-221,      -1.16818247354106e+57, -1.31197054879113e+43, -4.97088717521063e-152,      4.75290172650907e+239, NA, -7.29570064304966e+265, 2.46840351788359e-119,      -2.46236789492109e+185, -5.78281845369097e+188, 2.86649936814789e-27,      3.65352541006341e+25, 4.17859974847197e-173, -3.4013709017242e-25,      -3.7023356261825e+88, 5.33840484273711e-235, 4.2217448577466e-76,      3.51788448047403e+254, NaN, 3.22360935413572e-108, 7.17530916120616e+68,      6.16932512705041e+242, -1.12529861807689e+143, -4.32004109995589e-32,      2.67493022400233e+263, 1.80719852507551e-57, 1.64203096498928e+213,      -2.32098567726797e-165, -4.70189859695592e+133, 1.1251507949474e+67,      2.92007879732249e+149, -2.60329922846337e-170, 0), rho = 3.13006194903992e-207,      tau2 = -7.17444791983078e-164, Wbegfin = structure(c(1.69885406690007e-271,      1.60004925618707e-194, 7.84343851784674e+268), .Dim = c(1L,      3L)), Wtriplet = structure(c(2.01958939336197e+233, 1.60099149046715e-55,      1.28380207271552e+283, 8.82235623825256e-131, 9.17838609897572e-60,      3.62735592337347e-306, 2.67092486307904e+65, 5.45588279232242e+303,      2.62158261233986e-203, 5.01175954289457e-163, 2.68550058600894e+25,      4.48014084769938e-191, 5.28095093653522e+55, 8.20009404114922e-216,      2.83306191238747e+284, 1.1025645954237e+289, 2.26490985866119e+246,      2.07299621516796e-258, 4.57603438347954e+97, 4.48494372517684e-23,      6.80599750256014e+305, 7.04490354346016e+304, 5.42499441946413e+159,      8.16289880417637e+175, 3.21380348697143e-26, 1.12003076386657e-51,      2.01895043862712e-58, 2.88372881780426e+283, 3.14873437725221e-173,      3.55137697037557e-89, 3.2518019516301e+74, 1.82245192783029e-73,      9.88528397816073e-263, 5.22055797181547e+209, 5.25985118142982e+88,      1.71040202863707e+36, 1.24403704510667e+150, 1.12396164927123e-79,      3.10103994602227e+143, 1.69449898813753e+21, 1.22187527914829e-151,      6.61430649562353e+24, 1.81763109655515e-176, 4.86810383973161e+89,      2.93046183225828e+262, 1.05179326593467e+54, 4.83637068185218e+142,      7.64392179156832e+118, 1.91630516779106e+234, 1.14255389303538e-163,      1.4661799672065e+174, 1.00780051200826e-233, 4.03371263707597e-260,      1.890616885e-193, 1.32764825524952e-128, 1.11270555029188e-264,      1.35172050041352e+306, 2.95488772719293e+32, 2.06184349683259e+120,      1.44436170658222e+76, 2.37855566575558e-195, 55032438973067337728,      1.24782354468912e+44, 9.36993316906699e-78, 3.4567141223005e+293,      6.27044324581249e+285, 1.56753656997755e+264, 1.21997671903385e+51,      3.21745021577608e+154, 5.05570210480077e+180, 5.90562009130624e+250,      2.95639150090199e-241, 1.2053059785985e-172, 1.01783319600002e-53,      9.17869052480676e+83, 5.04118222674478e+82, 1.4890225244068e-180,      1.20291450793099e+126, 1.48436270906062e-70, 9.43589573660128e+30     ), .Dim = c(8L, 10L)), Wtripletsum = c(-4.00854188099326e-258,      -2.52624504869028e-106, 3.25603885753466e+55, Inf), y = c(1107.54427466735,      -2.25381129275986e-218, 1.1682529438117e-188, -1.29118084268574e-258,      1.11293980060835e+101, -2.86641037213993e+272, 6.38248665663633e-109,      -9.62341637904231e-20, -7.61322645164368e-261, 2.07027287905644e+196,      -2.77261301546882e+271, -2.54480727262108e+104, 2.1011350659097e+192,      6.70721893757907e-38, -3.87224910055028e+136, 3.70430841852544e+161,      5.35288241503593e-188, -7.08536717836247e-208, -4.18093636362057e+121,      -1.90918029942364e-157, 2.15855323372277e-253, -1.07824479928565e-192,      5.31143512796398e-233, -2.52235003382787e-169, 1.28004466474669e-284,      1.76376776270523e+149, -1.24446725255108e+293, -Inf, 4.88315092884345e-68,      -1.77964648992181e-156, -1.47087324553773e+189, 1.95792903395686e-128,      1.84896930585826e+133, -4.09722109154958e+97, -1.35147162283157e-117,      6.86083685974222e-219, 1.57777027650276e+52, -1.14845389154648e-257,      -5.259917650781e-97, 1.78839162496087e-135, -4.01028477263681e-36,      7.41438510270813e-127, -1.68885694644451e+170, -266116550.385615,      9.38099362569549e-18, -2.98546280389218e-141, -5.61753134381508e+116,      -1.359627291399e+101, -1.75658903971908e-62, 9.06006042569802e-288,      2.96337644365229e-257, 1.04386689449021e+260, 4.46847065627787e-186,      2.59722175052303e-189, -3.89810286298628e+288, 2.09486812712857e+141,      1.28576113609829e-251, -1.35477756863512e-302, 8.8112291206865e+246,      -Inf, -5.18268943521779e+97, 5420157224486376, Inf, -Inf,      -6.88017464589235e-297, 1.84203134062795e-145, 1.43405740641166e-272,      1.93403112777605e-125, -4.97878606589352e+99, 2.206030297727e-123,      -6.68089568588167e+90, -13115499798076462, -1.53702388696421e+182,      2.70096527192232e-11, -7.7321236928849e+63, -8.37971496732698e+148,      -3.13349491199618e-162, -3.39759825040442e+118, 8.86037255637735e-78,      6.74817641401858e+103, -5.44491576103178e-175, 0))
result <- do.call(CARBayes:::poissoncarupdateRW,testlist)
str(result)