testlist <- list(a_size = 839051014L, n_threshold = -8.93000140477831e-94,      nr_strategy = c("wggsrtiiqbvsqz", "niuvqlprnpofux", "ckhldafgucqdxgjd",      "hxi", NA, "ubdwiprerxdqrvmgdqgk", "uvismahuohff", "micyirkquwumutnymkdp",      "fjhdykjkcwkdbfqszozg", "yd", "patbeqyiwhumalbzsmii", NA,      "iuukrtaoms", "fgynx", NA, NA, "t", "glbopktjdnsuthebhikq",      NA, NA, "avege", NA, "uebiaaqtozigcoyhamvw", "ofxpyuduwbspulutdaqk",      NA, NA, "jgmfdczwvifctubjoksl", "qxuwfsqwmc", NA, NA, NA,      "yiepmlbjfmyslpipmmfd", "hwowjsepqqcdpoly", "jkpgdlgzcidacrjgzrws",      "thpbdascmfjolkjmixov", NA, "snsxxwmlznosbdrxtz", NA, "hevozwwbdcjnwhpbwerh",      "vaqcfgevpdiwvqpcozrd", NA, NA, "", "jjixexf", NA, NA, "taowdggxva",      NA, "tczchxoqfxjajm", NA, NA, NA, "dphbsosfviavq", "tonblwuqfdfylaetkdpm",      "ikpkpddimtcv", NA, "ntypkvbceftkftlqciss", "yhbtw", "kqogaomagzdlvvwx",      NA, "dimgncuadxgclhoovufu", "ocnriagnetijijrecakh", NA, "cqwcjdsptgnxwoikicdf",      "yctnpikogbgzjq", "dxmpupzwocf", NA, "yrfu", "jfwvtywthwkfhweiufmp",      NA, NA, "", "lcawitabcexormgcnffi", "nmxavwaoggojnohgnjxa",      "ultfeznyvbthnssb", "vfcqpqgiprvmhmiganlf", "howchmdjgndceblsoibu",      "mjmjaqaxglmgmxmgedtw", "zzvmaolqwxwtbmxcgytm", NA, NA, "huobuxmqpop",      NA, "eubjhiidsglque", NA, "wvoadrllviqferyvquta", "hwktfvykfyyffzozcbsf",      NA, "djrlanzdwnqfwzirhiaf", "czqezenrvnfckcqgbolm", NA, NA,      "svmavosvytzkpewcookq"), paa_size = 2066376617L, ts = c(2.85696652467264e-131,      -3.73314569356556e-25, -9.23884559353283e+161, -1.47691483439286e+261,      3.49495047201488e-297, NA, -4.20474965932702e+165, -7.77512702600582e-269,      7.15129570736454e-220, -4.24263672877549e-251, -4.74506052545315e-241,      1.34728502421766e+54, 1.15715851040233e-212, -2.79311461869255e+119,      -5.36509746712271e+302, -2.35341300594457e-146, -1.78468328813758e+255,      -6.76289556248421e-71, NA, NaN, 1.9683489840503e+226, -6.22168269017587e-288,      8.30242118252138e+52, 2.01342607733593e+293, 2.64532372909654e+94,      1.58230514574493e+274, -5.20116689685664e-50, -7.80635682601621e-38,      5.2130783720272e+257, 2.8979909390719e-173, -2.240260376112e-14,      1.12769302716905e+238, 2.12310296712692e+168, 5.76258506559895e-284,      1.11988961918141e-40, 9.99324141130796e-48, 5.22752995171703e-153,      2.74786332681406e+22, -4.18986761990674e+125, 1.19737633828809e+265,      1.719643214312e+103, -1.52301383998834e-49, -6.84995826153061e-59,      -1.59002458620647e-34, 7.63737880512677e-215, 6.22340852673762e+136,      NA, NaN, -5.12634053627117e-22, -1.70584661698913e+183, 1.78777138110073e-21,      9.9468971335642e+118, -1.65981015138252e-140, 1.38794521080969e+298,      -2.55912036147134e+228, 1.38803763902945e+280, -2.09410806531102e-195,      -3.96203222497057e-259, 2.48779916900999e+303, 3.86984979467214e-38,      3.20363975018514e-34, 2.69127194700211e-174, 2.0766170637415e-221,      -8.64857162664296e+198, 3.29538934865632e+93, -1.56310740531586e-160,      -2.24536786296887e-107, 5.99711781983742e-47, -9.57017947449588e-80,      -7.09958444815739e+213, -1.98004142298681e-94, 5.97730038558495e+75,      -2819.84954455507, 2.50876803834724e-299, -5.36491836208722e+303,      0), w_size = 1984535248L)
result <- do.call(jmotif::series_to_wordbag,testlist)
str(result)