testlist <- list(x = c(1.43271393269714e+94, 1.95495115032061e-297, -2.10605390528945e-117,  5.33421659671188e+221, 9.27217463379536e-184, Inf, 1.30195008962415e+292,  -4.26365454350574e+85, -5.39027294381223e+116, 5.52576172763775e+188,  2.6080730038793e-266, -7.12647435253992e+299, 5.53132493217773e-107,  1.19472856587854e+86, -8.83350673366359e+169, 2.08380596220813e+91,  -99777252955.9534, -3.9945294391438e-161, -3.21298410356375e+106,  -8.70878657671325e+117, 3.52049941925234e+195, -1.53256430209233e+25,  -2.86209634813849e-279, 2.29592234800177e-251, -8.53836444123001e+145,  -1.2235456194217e+200, -5.46276916624383e-111, -2.01037684579822e-286,  -7.60339475553456e+87, -1.38636314196534e-54, 6.74183876215846e+69,  1.62160477078217e-110, -6.14389720355152e-205, 2.23183658596105e+251,  -7.23840934109895e-277, -4.50631155375963e+191, 1.14266035518073e-176,  2.11033793470359e-194, 9.94840040145929e+207, 1.67561831638397e+74,  Inf, 7.99166143318959e-273, 3.44507071944919e+30, -1.27087007739418e+144,  -1.12394276758023e+142, -6.54461320081003e-256, 1.88403749371719e+75,  6.97712694511504e+109, -9.27896069796976e-10, 2.99201502700463e+196,  -8.48039360777768e-69, 4.64676257582464e-245, 3.75543531640714e+213,  -1.98882522694172e-10, 7.37434046992379e+211, 8.45501732864438e+260,  0.000111649435210342, -2.96772963515861e-306, 1.22040950232653e+268,  -1.16369195203219e-282, -3.17463087043025e+139, -4.25966390615295e-166,  6.65269795724585e-159, 2.16224784499499e-33, -9.18776072422152e-23,  -7.31512091811795e+242, -1.03357724515618e+43, 3.39332745681666e-40,  -5.54089703916453e+59, NaN, -3.33833132808682e-196, 1.29836527510387e-12,  7.48492162668352e+41, 3.39271708557276e-177, 1.73856072022392e-43,  1.4959326266999e+257, -3.25443060553737e-55, -3.09926163797975e-76,  -Inf, 1.36370389840736e+168, -Inf, 6.43384871975423e+41, 2.40715771189411e+145,  1.15354081649285e+120, 0), y = c(3.90858059904365e-138, -1.60884648317755e+102,  -2.91974215215483e+20, 2.28537957824122e+256, -3.17636876736559e+98,  3.21853406615627e-18, -4.87949760978424e+131, 2.4025149279876e+76,  -1.70562246198645e-210, 1.88027824714011e-66, 9.16880537854824e-224,  1.56406344353306e+302, -1.26366799271372e-85, -3.25658433861413e+222,  3.05361654288295e+59, 1.1656448415218e-253, 7.30816387990044e-37,  1.77855265196413e+63, 1.00465561629221e+223, -5.93821194176825e+93,  -3.26656935561027e-66, -3.00576554751497e+215, 4.30868925657984e+251,  -2.07872638055115e-255, -3.78300058050236e+117, -5.32698255245089e-09,  -1.68150020941085e-168, -4.63139233239398e+183, NaN, -2.19081539096765e-15,  1.16518182004968e+20, 6.34672795965462e-304, 5.17674607777702e+296,  -6.36069422754488e-205, 2.31175899546369e-129, 2.10129172099499e+241,  2.25452463760309e-21, -6.56686304299577e-50, 2.59480942368035e-291,  -1.82875873390953e+30, -3.22633304582467e-163, -3.86293855219322e-90,  Inf, -3.82186438734995e-143, -2.3315091549007e-16, -4.83955645856786e-128,  -1.80090380769331e+210, -2.73197927227534e+77, 1.95319517616294e+235,  -338048128375292096, 3.98862779202304e+133, 9.38381585614578e-29,  -2.26430837773609e-211, -2.07027960396053e-164, -1.73162662967688e+111,  -1.50851719019071e+123, 3.45371837197522e-215, -4.91127498802799e+188,  -1.08287177688658e-09, -1.61967492926721e-35, 2.86238957964366e+184,  4.27617671031484e+167, 6.22409636784741e+32, -3.36864284626531e-178,  3.66069390037314e+215, 4.86352361627583e-224, -169478479141005856,  -9.13799607749887e-138, -1.37426655188907e-44, 1.81564446396921e+192,  5.5921576133858e+78, NaN, -5.94737097318244e-136, -4.05859893941698e+155,  -5.24327536518596e+73, 1.40737669325811e-293, 2.36040056246147e+168,  -3.64736884514277e+28, 1.48447448185062e-288, 5.12740181093217e-263,  NA, 0))
result <- do.call(QuantTools::crossover,testlist)
str(result)