testlist <- list(x = c(-35345.4520251142, -2.69562032977767e-201, 2.87389464736092e+257,  -8.41545298626313e+298, -1.7912502454705e+79, -2.96072399685648e+260,  9.68576815469387e-208, 119260.749784195, -4.72187633563767e+275,  2.74690857468845e-289, -14741798640.3165, 2.08665040106837e+160,  -4.9025318211145e+115, -1.92760944216907e+166, -9.37348566397141e-195,  2.19632836027931e+119, 6.71117385937252e+183, 1.26697032435723e+146,  1.10118165044303e-220, 3.49772055128171e+283, 9.96872913858039e-293,  -4.19755951493879e-72, -3.72626905290622e-208, -2.64209106247261e+224,  -1.65907912132649e+209, 7.23520123804521e-37, -3.94959610092716e+149,  -2.06253637850202e+113, -0.0803749433719528, 4.71510893426361e+43,  1.27610648730651e-231, 6.2419964510433e-244, -3.72064002933483e-224,  -2.37097124508149e-114, 4.81469424093943e+271, 2.16052388604706e+92,  1.68836909793658e+178, 9.32804731748789e-293, NA, -2.2490084199733e+33,  4.6344382066832e+113, -9.73570737134192e-198, 4.24129088431809e+307,  -1.98865158887029e+66, 6.75716734605085e+71, 1.56414514259088e+293,  3.63623807040781e+270, -3.97522611263619e+163, -2.51132095929547e+20,  -1.69434829853316e-305, -8.46683339079113e+141, -1.67725535324507e+88,  -1.63451103976409e+211, 2.02076338904195e+90, 3.37137335474075e+139,  9.249166428949e+212, 3.21416904305789e-268, 5.52857382327699e+129,  2.95726200391707e-48, 2.08976589407091e+170, NaN, 1.22186843988846e-239,  2.53648426775575e-123, 3.65796254236894e-35, -2.80184202828089e-116,  3.15412907771957e+65, -5.88437896796109e+266, 4.09030797645563e-63,  1.62238248015675e-86, 1.0248670319901e+177, 2.3648951633979e+122,  -4.65199746487482e+265, 3.78341769572604e-305, 1.89110052692649e-258,  4.99925862689829e-145, -1.3900255507421e-126, 6.20653678277907e-141,  -1.28062505154459e-164, -8.16908150527302e+248, 8.46015438110322e-135,  -3.03193766489864e-295, -6.27764899001987e-131, -3.24282892077566e-153,  2.44872282979587e+295, 3.33502421336253e-298, -1.29660593092275e-144,  1.4680390857432e+69, Inf, 7.22800652632986e+134, -6.85306359781406e-11,  1.34066035204694e+40, 1.44949590640737e+56, 1.27223048644536e+222,  0), y = c(1.11294413356481e-302, -Inf, 1.55555472098043e+224,  -Inf, Inf, 0), z = c(2.24177515636839e-282, -1.21186457116318e+197,  5.29858311106591e-270, 9.7257077258897e-274, -1.79887367343141e-258,  -1174152975313.88, 4.09538984530487e-39, -5.00277588025488e+197,  -2.8390973227558e+229, 2.69663893193653e-257, 1.84262675787346e-207,  NaN, 3.25932666831343e+43, 3.435761839766e-303, 1.37817707541798e+97,  3.05040247075862e+103, -4.34777220420648e+80, 3.35803523647601e+299,  -1.62933435143612e+243, -4.37772311667449e-269, -1.86225763053866e-78,  -8.20858285778307e+176, NaN, -7.94658430425482e+120, 1.50401621417741e-285,  8.58382578338533e+163, -3.54197025375387e-254, -1.97277505635869e-273,  -Inf, -4.39130274796705e-121, -3.61054458309175e-302, 5.18266247884845e+295,  2.68083146513864e+247, -4.975618470804e+61, 9.20824968118562e+206,  -1.64195050983892e-196, 9.2487858405303e+295, 6.95482219409891e-15,  -6.60614484363928e+153, 4.63624510932308e-120, -8.74357406135381e-146,  4.81261923579737e-27, 4.37228276673166e-266, -5.72650060250764e-08,  -1.49862355948943e+132, 5.17170491506106e+256, 2.63025556501713e-172,  4.88162503121475e+115, 1.3154820286962e-76, 4.22826524129572e+275,  -2.15868353307137e-169, 1.14700490705161e+265, 1.19180774951907e-87,  -1.07656416293914e+104, 1.04407991120422e+97, 1.32236433146317e+248,  6.3750949932668e+229, 1.08696191874275e-94, 4.35555300655459e+279,  -7.38273295815347e+80, -1.04448093016572e+293, -7.65707563464047e-202,  2.75477615296911e-139, -4.44991638470215e-107, -1.29802532100783e-275,  -1.77926247185193e-275, -7.33838826857407e-226, -1.19491953155316e-47,  -1.40627376323727e+266, -3.5461489544467e+264, 2.43549037053514e+266,  -9.32555352035953e+198, 8.90662426596991e-110, -1.19986156776155e+308,  -1.21747344599361e+238, NaN, -1.14745962343844e+111, 4.99456302835007e+42,  2.71732042458483e-127, 2.69736020365334e+204, 303339073178140,  -3.76014800985423e+264, 1.12836363982453e+303, 2.3535392967793e-247,  -2.5673497128388e+257, -2.9681635999206e-168, 0), accel_input = c(-1.83239237735207e-102,  -5.44276336536616e-211, -6.75955167444112e-40, -1.52479119309833e+164,  -2.59511698911285e+210, -1.30659935128959e+169, 1.16832778286469e-178,  -1.8321358789538e+283, 5.71887565703211e-76, -6.98063151556246e+74,  -5.47405227974676e+225, 1.7875566079245e-156, 1.73354219925383e-61,  6.0388381697322e+172, -1.55126597453789e-37, -3.46226835632025e-98,  -4.5980753909861e-175, 4.52173244756291e+34, NA, -1.82735744489759e-37,  2.20822409097156e+72, -1.96006844987876e-267, 7.45572575587726e-117,  -4.48805777266883e-178, -Inf, Inf, NaN), samp_rate = 43691040L,      vector_size = 965044073L, k1 = -4.13946677028134e-223, k2 = -3.71007670628958e+295,      k3 = 1.4061769035493e-111, ncores = -1755496365L, l_const = -4.95189684683758e-06,      mu1 = 4.49513977947164e-300, mu2 = -1.33142090207326e+23,      kappa_opt = 8.80340302367038e+292, logK = 4.65423890542505e-85,      log_I0_kappa_opt = -1.25002341584222e+182, log_const_vmcos = -1.69915467755826e-87,      mode_1 = -1.98758422395412e+217, mode_2 = -3.81848449929176e-199,      n = -164577095L, unifpropn = -2.97532338484649e+69, vmpropn = -7.72721898928751e-16,      I_upper_bd = -3.90273034706978e-168, log_const_vmsin = -2.76332369871508e-256,      k = 4.2913428360563e+257, mu = 2.13936278438989e-92, d = -6.39286543938038e+143,      m_x = 176952321L, m_y = 500925017L, m_z = -1070372876L, proc = -1264669460L)
result <- do.call(BNSL:::cont_mi,testlist)
str(result)