testlist <- list(ndays = 193803320L, parPdd = c(7.98874421579359e+275, 1.47895564703371e-291,  4.29459438871865e+256, -1.48424657714401e+34, -3.64924224169271e-234,  -1.93157008961223e+208, -2.43319112947842e-142, 4.9820469081624e-40,  -1.04355582460667e-146, -8.84810218479141e-155, -6.19375360282694e+149,  -190264055358892, -2.13319621875869e+154, -1.44951088223862e-301,  -2.71470150015814e+180, 2.03867593393894e+28, -2.67174314002677e-52,  1.90196420178531e+56, 3.34509306732366e-181, 5.48276364460019e-219,  1.16128949108546e-70, 9.94761271265654e-92, -1.78270284476002e-284,  -0.273141085974831, -2.86141360797148e-117, 1.93555032777961e+236,  1.70268286755988e-68, -9.69249855827655e+223, -1.46259978600473e-214,  -8.89722716793581e-113, -2.91642214967497e+242, -6.20704803275348e+268,  -2.47047111280466e-95, 3.79386247592768e-66, -3.57295038904709e+91,  -1.03030373257714e-165, 2.30659356269753e-16, -4473386154853.82,  2.73958963924422e-151, 4.40740799185522e+36, -4.45534753976569e+44,  9.30281873000688e-268, 1.60075250475371e-43, 1.70748256048548e+269,  -1.43619160760586e-97, 6.71364637954808e-14, -3.36135352124394e-307,  -1.55879699183261e-77, -1.15885907658925e+81, 3.36970856778263e-51,  -3.7146951661902e+228, 3.37201250920055e+81, -2.49554952340889e-117,  1.35217416277537e-151, -1.31225918102549e-242, 7.38505300451463e+257,  2.1361637802429e+178, 2.96295580211457e-189, 6.30468642700145e-254,  -1.74138763371476e+134, 4.16455052652481e-246, 5.07486609192026e+304,  1.59104957335857e+181, -7.26912106818588e+261, -7.78149603542712e-275,  -2.31956877120684e-260, -5.12828679014137e+33, -1.17342821389297e+235,  5.59989223661139e-77, 2.88739030060857e+238, 3.39001709928743e+264,  -6.77083533513589e-204, 8.82440684036517e+25, -5.81580881836202e+115,  1.66535738188354e+249, 5.28306835328002e-87, 2.34544009357611e+176,  2.0000515081377e+247, -2.87763922851817e+68, 5.74083639930636e-177,  -1.35217320620245e+247, -4.64667946075708e+156, -2.56205236366701e-26,  -2.92204968070076e-233, -4.52818805353373e-125, 4.66717451199896e-281,  3.35271176246553e-133), parPwd = c(3.23331768913351e+110, 3.35429709684273e-08,  NA, -1.5914848402044e+145, 7.06369316208975e-111, NA, -553233382.513532,  -3.14502608739276e+63, -4.51928813413883e+299, 7.10400992450495e-295,  7.12498994233268e+242, -6.86386807974197e-177, 6.45785022114914e-09,  -9.51192167227667e+221, -1.26525811549359e-148, NaN, -Inf, -1.45538790063683e-224,  -6.93793432255061e-165, 2.79495912099856e-294, -2.89721214969155e-195,  7.83625840002617e-124, -2.99283102869489e+29, 8.00395657082734e+95,  0.210169458463063, 2.72024474510318e-247, -7.53979193732105e-197,  1.13378032961676e-110, 6.22681885856928e+106, -5.15551331728612e-12,  2.18245942293283e-300, 1.13803630597613e+236, -5.95068211394915e-294,  Inf, 7.89925179977106e-259, 2.85232513588897e+165, -1.67591993286978e-255,  3.78266317046215e+237, -1.50939841327277e-240, -2.30455243871266e+61,  0), RN = c(2.94008897063333e-292, 1.168546068656e-265, 1.51527160843107e+113,  -1.03918947661685e+255, -1.00807513502064e+136, 6.13275155998529e+292,  -1.73568898748433e-142, 1.23802018224207e+66, -5.12412522121808e-53,  -4.32823934998126e-294, 1.47034810134602e+196, -1.44144515140935e+215,  2.58298276323798e-57, 1.03838548028008e-285, -2.56605744888471e+304,  -6375.00311739696, 1.06072248925049e-299, -4.8512504008092e-127,  8.21585764489329e+255, 1.93013270470115e-12, 6.97612590838845e-131,  -6.16728919962369e-148, 9.0288254935097e-303, 5.78197085367586e+46,  -1.0707531764286e-114, -1.93944440018735e+246, -1.05658101819868e-102,  -678754.927868021, -4.05328061726751e-86, -4.32681700956887e+105,  -3.19181612077585e+198, 7.83145606193844e-95, -3.54949716752018e-66,  -1.261963250725e-194, 9.51794214379587e+281, 2.83809225955207e+171,  -9.63264492152024e-83, 1.21300600242568e-245, -3.96122898721382e+65,  -2.27841779162169e+245, 1.34277752828711e-102, -7.0339638342459e+277,  -5.34409000663684e-106, -6.62928389014722e+117, 2.31212597123331e-75,  -3.70921696494717e-17, 1.44882598512064e+268, -6.98684150204469e-05,  -3.36610527262203e+56, 4.6503952051354e+217, -1.73163758212695e-274,  6.2793226613225e-81, 7.02135812448966e+64, 2.38945376357639e-265,  2.31907156831973e-199, 6.91121391130255e-163, 2.16733283464263e-283,  -4.44096532715102e-51, -1.26707976104521e-128, 2.64163049619357e-186,  8.82940983975465e-202, 9.95505826673646e+75, 6.38373678355859e-108,  5.02826054862922e+67, -3.99766810342882e-206, -2.70920505291658e+275,  -6.93116036806645e-67, 1.12398174157082e+240, 3.79996158189762e+142,  3.46194427086297e+65, 2.92093988608205e+79, 8.98385021798519e-58,  8.38256967335997e+178, -8.17700409114733e-210, -2.47164575325259e-238,  -2.57681759663987e-07, 3.00045159810851e-48, -2.11998168766402e-193,  -1.48643805727196e+23, 53888921.3915765, 7.20743185788688e+96,  2.36995466979807e-33, 1.403072617806e+138, -7.83276457753452e+142,  -5.23975948688281e-253, -5.79308870200462e-59, -9.1356051157829e-284,  -2.55384957329705e-52, -2.14117878095987e+111, -3.35811541244443e-23,  -5.05045052317231e+185, -4.31353932380507e+66, -9.60064831451557e+201,  5.01718526245044e-79, -2.27522094593116e+267, -1.18680984629407e-228,  -2.10137485424852e+51, 8.96688924488467e+142, 1.21110025384264e+181 ))
result <- do.call(foreSIGHT:::Pstatus_WGEN_cpp,testlist)
str(result)