testlist <- list(A = c(2.00180115738066e-93, -1.12025382040062e+74, -7009.56670385408,  -5.28974453125438e-185, 5.82641631482104e-88, -8.85984904459127e-299,  -1.31622333327323e-106, -1.19621526124696e-96, -8.51331718329562e+220,  2.18670074995759e+262, -1.1640986811568e-234, -0.000305090223243552,  -1.94362148093232e+107, 7.64297440654646e+147, -7.51142799271826e-219,  -8.64868401957022e+71, -2.34521588605716e+45, 4.20615981270581e+75,  -4.21689796683736e-61, -7.17631259032275e-71, 2.79839049424984e+203,  NA, 5.93541654452543e-83, 7.4902736849017e+100, 2.69083243253727e+42,  -36642247214325800, -1.09138269419548e+279, 1.10193185336934e+83,  -1.51108102943532e+63, -4.97291702204031e-206, 2.00949463356615e+281,  -2.81061082977549e-107, -6.41004775106981e-121, 9.49308986988987e-60,  -7.20517597854869e+121, 7.03568315334327e+248, 4.75048099930706e-101,  -4.99656483451604e-247, -3.83766040153331e-107, -4.43497800134598e+253,  -2.28314827605892e+250, 1.29992834931522e-288, 9.74839485403624e-200,  -1.66516982023993e-138, 3.81720214097235e-242, 6.48054798777944e+171,  1.90069902812902e+286, 3.14854677235377e+285, 1.15216577174315e+112,  -1.59255296293963e+292, 7.36651799717618e-241, 4.89167381223809e-303,  2.25001085149799e-74, 1.04887506438635e-05, 3.60570021989942e-232,  -1.205434734442e+24, -1.15266930503319e-114, NaN, 7.97976642013411e-56,  -2.34032311448671e-222, -1.24172311878587e+276, -1.67981118455231e+197,  1.29936067039833e+217, 3.19491751996869e+153, -3.32242209958838e+304,  NA, -1.21345506421837e-296, 2.736513412802e-229, -8.39612280483302e-42,  1.89829159321285e+45, -3.34283349980582e-59, 1.86415105595495e-185,  1.02867184012006e-134, 4.62855337624151e+56, -8.41477286216737e+122,  1684874856976506, 7.31008320059006e-207, 8.84439474758536e+306,  -8.52399484485914e-304, 1.13051129629521e-208, 6.9514630153839e-151,  -5.51087258230329e-73, -9.12975308487288e+127, -135121477.675768,  -5.52514802851909e+47, -1.98743295845932e+181, Inf, 1.14556725625945e-213,  -6.07914010315454e+48, -1.90015637322865e+50, 2.8778021691197e-258,  -2.8757633137024e-216, -3.57676496941388e-188, 0), B = c(-3.31179183986265e+283,  7.39534154741308e+113, 4.65943205638858e-20, -2.56419241153424e-36,  9.62672031520654e-223, -2.47621338822637e+237, 4.22961627055592e-117,  -3.86448386615135e+173, -Inf, -5.9172390532046e-68, -2.63900135923545e-226,  5.62960041511421e+127, 7.83346639307023e+295, 7.33875582844482e-94,  1.18006508660804e+290, 1.81615277126474e-305, 5.47842898795471e+197,  -9.1041009692317e+160, 2.46979669622713e+241, 1.61334816644237e+79,  -1.49363763643299e-160, -9.70558803283317e-72, -7.9695068777266e+186,  2.25213937433543e+252, 6.64652908812676e-09, -7.91707464253484e+44,  2.24724988669e-26, -2.37305301143031e-281, -9.97150426481862e-165,  -1.14600482266935e-181, -1.45609709493343e-207, -1.67855082351747e-304,  -2.07100959607401e+46, 1.43411611997054e-172, 6.93139637547549e+43,  4.81795879424779e-37, 5.1533386168279e-291, -2.67561896472893e+249,  -1.09764600439594e-249, -3.64893274536683e+148, 1.87733824053075e-193,  -2.65655465272746e+280, 140831.807589643, -4.56198224053695e-153,  -Inf, NA, -2.87900038181408e-48, -6.98799035541169e+270, 1.76091302780044e-68,  3.30135186545471e-260, -3.64388910281808e+289, 2.47372869940621e-105,  4.94727162206231e-228, 8.32038696795737e+198, -1.11358442343279e+36,  8.67804074533487e-276, -6.46878990863916e+218, -8.63693524641909e-107,  7.09955698624216e+275, 4.70113912312996e-284, -5.34651623049341e+42,  -9.39610445133101e-42, 2.62763575951213e+259, -5.66451400095129e+72,  -1.12099296878216e+126, 5.1218137696056e+228, -Inf, -3.76487178758426e-298,  -1.07549977428981e+57, -3.16933548955033e+223, 2.02170140538353e-150,  -6.36118793859755e-26, -3.24542675184793e+37, -2.05435541076251e-168,  9.5455119307289e-218, -2.57292371962363e-165, -2.92516411642569e-170,  NaN, 2835.53432676854, 2.55370619574093e+155, 7.46776014648756e+283,  0), K = 377260384L, O = c(2.4976192409688e-30, 1.29290602357854e-182,  3.54761341025531e+188, -5.10297881421927e+273, 7.13902008853351e+280,  -2.70695608008906e-114, -5.17106274860874e-287, 2.27303873649145e-207,  1.25110530688226e+302, -3.07057779156796e-10, 0.000279775979682632,  -5.0232919114899e-05, -1.8476324550266e-194, 53.691850410521,  5.46653078014166e-100, 1.80434165844315e-285, 2.87207100384639e-239,  3.36685088503323e+126, 3.50018338113036e-79, 124.280234158754,  -3.90094606298968e+227, -4.79339637271078e-57, NaN, -1.05626994763591e+57,  2.79442238914269e-238, -2.4019174086324e+64, -3.59142551721548e+164,  -9.33649972459671e+224, -2.56225417338482e-191, 3.27368216921361e+140,  NA, -2.60972743550519e-11, 1.88485064916834e+46, 1.25466680562367e-74,  -6.18147651252802e+306, -9.8642314531161e-147, -2.85580601094975e+66,  1.50482530715699e-172, NaN, 1.36293668531636e-251, 1.9169793617402e+176,  2.47245681308674e-281, 3.4958281599073e-28, 1.68171534858755e-31,  -4.02004367663027e+51, 3.38869126596087e+25, 4.49121706392024e-160,  NA, 5.70764561848114e-139, -3.05810508897083e+127, 0), p = c(35407487L,  189585063L, -1864481975L, -367835189L, 768027459L, 1135911841L,  -1296346570L, -1949720691L, -437973776L, 836933569L, -1059386454L,  -296585701L, 446783069L, 1426259464L, -1118749112L, 450745855L,  -2083555735L, -1014581885L, 1639984719L, 312764972L, 1170836122L,  -880237944L, -639577613L, -1113132417L, -1998490805L, 1747505097L,  -386065926L, NA, 1286701079L, 958636051L, 57738945L, 402210975L,  -625743038L, -608564029L, -1222263208L, -1461371147L, -1765929777L,  -508763419L, 501851701L, -488188740L, -1698693259L, 2030778672L,  821528792L, -590951054L, -2049293978L, -2044441692L, 233953775L,  -659707022L, 1839917030L, -1256187931L), parameters = c(-1.2642540259416e+288,  Inf, 2.219516897037e+210, 9.51524628222507e+285, Inf, 5.75537830449135e-194,  6.37643792163364e+52, -Inf, Inf, 0), pMax1 = c(-256471522L, -451887150L,  -391921711L, 1747400665L, -1501174666L, 1141624507L, -490663921L,  -1882555265L, -2146787739L, 459093763L, 16241768L, 504054469L,  -1859765291L, 822710291L, -878697894L, 1805572587L, -1468575293L,  -729233707L, 2140880286L, -1501600969L, -1516368426L, -1482823310L,  1040960681L, -1448700846L, 501552626L, 1859962861L, 1996786461L,  -2064755415L, -1939734476L, -1464771L, -176953698L, 427552822L,  1611016398L, -487605159L, -196643208L, 919314882L, 765589037L,  -1952617856L, 273751593L, -871407828L, 361298935L, 2008502379L,  -20520140L, -1836714049L, 653126833L, -1973997158L, -1471102092L,  1596170356L, -1415877854L, 1388023377L, -2123266797L, -159591651L,  1790955252L, 369135550L, 1347564207L, 1976771360L, 1854817217L,  1238438602L, 1117249081L, 347166334L, 1881436807L, 604063092L,  1417159625L, 1262938809L, -735217123L, -24319936L, 616986936L,  NA, -198676968L, 716475774L, 749750135L, -147771189L, 1588324700L,  936484187L, -1760128242L, -431360550L, 1919218332L, 410982980L,  811711271L, -1813253391L, -1764012338L, -1393874621L, 29184487L,  105365880L, -1414261565L, 858654563L, -1866298845L, -1384311740L,  1482822149L, 1295730767L, -124111105L, 768457325L, -1400090657L,  -1168751798L),