testlist <- list(x = c(-9.3901965761079e-301, -2.70273251374719e-238, 5.75388616579134e-175,  -7.96466250735535e-228, -7.37406340689386e+168, 1.05503611114352e+92,  1.19707888581866e+205, -5.70431195076117e-176, -1.26323840514526e-107,  1.8735494389143e-213, 1.7483828782187e-276, 2.14300408403687e-60,  -2.49475136896992e+129, -Inf, 1.28241449432439e+185, -2.76793210397404e-148,  -6.59421304898087e+256, -8506858271346395136, 2.80134965120112e-306,  1.68699718659631e-181, 9.73547851502822e-11, -7.52477424371799e+152,  -2.82801105140959e-180, -9.76954492700439e+194, -3.22486014537709e+298,  -3.95750105584049e-173, 2.5377376454977e+78, NaN, 9.10692254718247e+171,  1.00113572434607e+264, -4.67145671821519e-194, 3.65498529646448e+214,  -2.13727363522144e+189, -2.19103428595666e-184, NA, -8.17500879060286e-255,  7.28580229372655e-81, NA, 2.36366029903214e-191, 0), y = c(1.28133666716081e+287,  -9.19578475968966e+302, 6.76458314904727e+157, 6.8302976913271e+178,  7.78801260147738e-67, -1.90909261729206e-98, 3.32280346983016e-74,  -4.88827373139206e-107, NaN, 2.05192772309457e-171, 3.88263318689291e+146,  -2.34479094084236e-223, -Inf, -1.62343299841581e-125, 7.95762276083733e-106,  -1.09300338496213e-113, -5.06087400720434e-307, -8.94820914789612e-151,  9.68261528212243e-287, NaN, 8.24720828197267e-258, 1.20706691196741e+24,  Inf, 0), z = c(-46196.893825531, -4.42580833645225e+290, 2.83552387387732e-214,  -4.14420317152325e+102, 4.96218144218597e+38, 5.42895271065737e-127,  1.66108829288209e+127, 8.88641808598316e+35, -1.06840080957952e+78,  6.2851353291161e+19, 325793.68021771, 6.35249273439012e+264,  -5.89469835838509e-87, -2.83947220159899e-188, 2.2945864842122e+156,  7.20226320193693e+287, 1.78206053057187e+62, NaN, 1.30049574887286e-263,  Inf, 4.3150095837552e-252, 4.0813974973284e+124, 0.00156756054030354,  -2.63123224976196e-222, 7.35344520153335e+203, 5.29147484840539e+235,  -4.07784800530084e-29, 3.75338473341614e-267, -7.39320910966852e+228,  2.81886345481567e+74, 4.026652141598e-66, 2.84899430221431e-203,  -3.46588112382395e-237, -1.4784303113968e+295, -7.78404236850052e-20,  5.29147484840539e+235, 1.56758004520276e-184, -1.30704193718977e-41,  8.0353700214456e+210, 7.85195978594733e+102, NaN, 3.33698617061476e+184,  -3.06636532599825e+91, 1.41580571243618e-89, 7.92893586485577e-67,  8.38961049509085e-240, 0), accel_input = c(-1.83239237735207e-102,  -5.44276336536616e-211, -6.75955167444112e-40, -1.52479119309833e+164,  -2.59511698911285e+210, -1.30659935128959e+169, 1.16832778286469e-178,  -1.8321358789538e+283, 5.71887565703211e-76, -6.98063151556246e+74,  -5.47405227974676e+225, 1.7875566079245e-156, 1.73354219925383e-61,  6.0388381697322e+172, -1.55126597453789e-37, -3.46226835632025e-98,  -4.5980753909861e-175, 4.52173244756291e+34, NA, -1.82735744489759e-37,  2.20822409097156e+72, -1.96006844987876e-267, 7.45572575587726e-117,  -4.48805777266883e-178, -Inf, Inf, NaN), samp_rate = 43691040L,      vector_size = 965044073L, k1 = -4.13946677028134e-223, k2 = -3.71007670628958e+295,      k3 = 1.4061769035493e-111, ncores = -1755496365L, l_const = -4.95189684683758e-06,      mu1 = 4.49513977947164e-300, mu2 = -1.33142090207326e+23,      kappa_opt = 8.80340302367038e+292, logK = 4.65423890542505e-85,      log_I0_kappa_opt = -1.25002341584222e+182, log_const_vmcos = -1.69915467755826e-87,      mode_1 = -1.98758422395412e+217, mode_2 = -3.81848449929176e-199,      n = -164577095L, unifpropn = -2.97532338484649e+69, vmpropn = -7.72721898928751e-16,      I_upper_bd = -3.90273034706978e-168, log_const_vmsin = -2.76332369871508e-256,      k = 4.2913428360563e+257, mu = 2.13936278438989e-92, d = -6.39286543938038e+143,      m_x = 176952321L, m_y = 500925017L, m_z = -1070372876L, proc = -1264669460L)
result <- do.call(BNSL:::empirical_mi,testlist)
str(result)