testlist <- list(cv1 = c(-3.64552668220766e+126, -1.3791539440623e+53, 1.74921657277576e+80,  394139.439995527, 8.26593484214294e-218, Inf, 8.53535763364938e-77,  2.27024129146324e-233, NA, -1.35844329431493e+115, -6.16409577851738e-24,  2.80522603508739e+194, -2.97616071361271e+158, 3.30135012202363e-207,  8.21456329119555e-268, -1.61703488584488e-88, 2.45419947516355e+280,  8.83049307593488e-66, -5.61293861604797e-05, -2.49832268586572e+159,  1.94841186711364e+199, 478271931945017, 7.78012849898358e+158,  Inf, 4.77718459635325e+257, -1.16700301770727e+303, 8.21004177649049e-136,  -5.7205562514961e+228, -3.23639738284829e-221, -2.93112629728006e+43,  2.64719887438935e+47, 9.10316350525601e+284, 5.89615260349825e-257,  1.36205975677923e-187, 4.88319644376971e+200, -1.50692287913101e-235,  4.59705713760837e+203, 2.21504710169454e+26, -7.76835850338763e-100,  6.4479889508992e+84, 1.25729214104862e-202, 1.01055593237307e-282,  -1.22741405558972e+300, 5.38472902779836e-226, 1.32880897945628e+56,  -9.21108111003718e-101, -7.66144241392434e-54, 5.34702852495732e-100,  4.82943909128459e-164, -1.24577624737241e+273, 2.43727643144656e+249,  1.50447000940843e+112, 3.18553338086999e+124, 5.76427574374978e-286,  2.65618419727463e-262, 9.92291469669857e+126, NaN, -21880029044802400,  1.52334693321899e-229, 5.2130493337541e-248, 45268374705.806,  9.67281698834854e+85, 6.04270182249978e-95, 1.15061051949019e+210,  2.42163283402372e-201, -3.40430551522117e+285, -4.61262993859362e-53,  1.84922241887516e-206, 2.07880946309758e-160, 1.84638322534373e+178,  -4.66208877686589e+293, -2.08401825957016e-263, 5.6135968068421e-191,  NaN, -5.57327634498757e-255, -1.0132684569734e-41, -2.65635353106833e-252,  3.41666079503084e-292, 4.75424669469716e+158, -3.56811857531354e-49,  1.30114740402237e+75, -1.33506538320578e-132, 1.57105038201896e+41,  -11438069658124076, 1.80776616476722e+149, -7.14076552202465e+205,  1.50865216809997e-190, -4.74060575201437e-292, 8.36904390101317e+281,  4.62286356697054e-251, -5.92444091883636e-08, -1.1079714616082e-286,  -2.43044240805993e-159, -4.69346999687233e-278, 9.77805114236712e-40,  3.10977926890419e-68, 6.58143636745827e-213, 0), cv2 = c(-2.49323003776148e+59,  6.66948033183845e+127, -Inf, NaN, 1.69588368304026e-254, -1.86104206887848e-199,  3.79084856265868e+143, NaN, -2.24904811795714e+54, -1.77829061239584e+249,  6.57048552534662e-56, 3.31286482010479e-168, 2.01410530321698e+122,  5.34118282562945e-220, 5.24165384688215e-115, -5.72888201551554e+44,  -2.24820374803191e-13, -4.68958785619094e+199, NaN, -1.03290347605412e-49,  -5.25915806116532e+65, 3.57773676193084e+195, 4.15349316093993e-182,  NA, 0), cv3 = c(-6.75690469231967e+224, 2.62395791962536e-113,  NA, 1.28071399209094e-62, -1.69137867586189e+100, -6.37683982198047e-123,  -7.36066440082979e-270, 4.93343724286002e-102, 1.28071399209094e-62,  3.1382434827931e-234, 1.42721936192766e+209, 1.38590491463221e-250,  -6.25752552301214e+236, 9.77993373119593e+204, 4.8102056739625e+288,  8.94417199577127e+230, -2.05492824815135e+285, -1.4783143695477e+159,  -1.09563141273885e+273, -1.40360632179599e+192, Inf, 1.71302862287572e+107,  -4.24559475359598e-132, -5.99905608194167e-138, 2.751022053687e-191,  -1.38816666277571e-153, -1.93080271780073e+171, -2.94399636124588e-158,  -1.72621292182189e+31, -6.45838537670568e-214, 3.57757350943869e+174,  -1.15798089989734e+200, 1.28071399209094e-62), heights = c(-1.30649405392739e+61,  -4.29844363029539e+59, 7761.09180208035, -2.51840841003743e-174,  -5.52937430169181e+159, 8.12419929803336e-178, 2.85871107815562e-82,  Inf, 2.7629709028206e-275, NaN, -7.76672806476029e+77, -2.6018957875154e-307,  1.85103379911566e-198, -7.94619971659471e+304, -2.58879155876424e-37,  1.12875435923162e-261, -1.17719898605942e+183, 2.80144781906337e+250,  8.09588095798775e-256, 6.48983028713398e-198, -5.62452874711393e-157,  1.87735365374868e-33, -2.38972011860091e+136, 1.53445128339887e-230,  -Inf, 2.7629709028206e-275, 0), n = -1306586391L, tmax = -1628417442L,      tmin = 268749867L, width1 = c(-1.20987275046814e+140, NaN,      NA, -9.07890561006439e+225, 4.47993981026298e+24, -4.19916660203649e+132,      Inf, 2.7191509538589e+66, -4.26257923271917e+175, -1.11403643767244e+45,      -Inf, 5.12243708306928e+182, 5.4737282192291e+159, 1.33656445922405e+287,      1.20451444013277e-238, -8.18194647502047e-11, 0), width2 = c(Inf,      -2.57099166744263e+173), width3 = c(-4.451334927103e-219,      9.08919020748979e-272, 1.24497533697631e+198, 5.04794420825765e-252,      -7.00885454156444e-269, 2.1571303422931e-284, 0.0100165762546476,      3.94139819591601e+70, 0.00046157923406476, -4.28519718927315e+220,      -2.99723272491011e-53, 3.38364651595671e-119, -5.58819714729257e-195,      7.14766348322463e+118, 2.3886144158191e+30, -3.51370897433044e-90,      -6.82993928038955e-77, -4.23364257574536e-169, -3.46187882784944e-304,      NaN, 5.1164573479265e-259, 3.78379204234797e+253, -1.81081637716376e+301,      -5.69383829638181e-256, 1.80660924580796e+56, -3.91852051128065e-111,      1.98540285804557e+220, -1.67985192323318e+304, 5.62780205497781e+254,      -1.36814186777845e-303, 7.53483785207819e-156, -1.45145194754687e-242,      -1.00090280935964e+247, 1.44653500092399e+166, 3.85092801032423e-29,      -1.56907907136672e-284, -1.44139098835284e+291, Inf, 1.05703642175557e-165,      2493670124.58238, 2.99206945026111e+133, -4.46235506218021e+169,      7.18111925751114e+92, 4.65188472196785e-269, -6.94985748130786e+56,      NA, -62808.7064767129, -9.97117998310573e+225, -3.18964693275315e+51,      2.51157913333961e+174, -3.83852228679064e-33, -5.99548860988385e-55,      -Inf, -1.2244262207788e+184, -5.791113129718e-137, -3.57654498732675e-265,      1.90077845578101e+30, 0))
result <- do.call(metadynminer3d:::hills3d2p12,testlist)
str(result)