testlist <- list(height = c(NaN, Inf, 3.03926171802815e-246, 8.75722384783549e-71,  1.50973103810302e+230, -Inf, 1.7151226723779e+109, -382818358160.389,  -1.69542457924557e+47, 2.64297568621164e-111, Inf), order = c(-1718181264L,  -162928814L, -676418704L, 1047717175L, 76093910L, -1746324177L,  -1267083930L, -1731509083L, -1214936403L, -546177098L, 531244637L,  470521120L, -1783695828L, -1741988788L, -1523469531L, 1369849352L,  1019786523L, 984994137L, 1610069884L, 55352472L, -90979182L,  -1105141917L, 1368557731L, 952609652L, -1889431607L, 375399285L,  1490743643L, 646902560L, 565687263L, -661503191L, 617335900L,  -1837575902L, -647959569L, -1056021479L, -396987378L, -462999803L,  518186230L, 1948721304L, -202574715L, 1690675005L, 647179495L,  -1584332662L, -411789109L, -607661831L, -1447759843L, -602884657L,  -55946143L, 1878826645L, -1882489808L, 1551678019L, -262992181L,  450807236L, -1833574034L, -979943999L, 1100096176L, -1899936227L,  -1933423128L, 1057499951L, 1530526581L, 398473641L, 1964709946L,  -1302987789L, -417422475L, NA, -1394584597L, -394388925L, -1223313202L,  -705530038L, 227509439L, -444550452L, -1638579587L, 1070917867L,  -1271146852L, -1175396496L, 110640859L, -1967839593L, 1168791082L,  705230536L, 1563968924L, 221087681L, 1750949409L, 1312657748L,  -707842209L, -2057963830L, 5043242L, 1424683954L, 590892592L,  1725362638L, 860876929L, -1920871070L, 1359332054L, 1522049114L,  93619545L, 2121796513L), parent = c(1926209628L, 1434416441L,  88940557L, 1485040860L, -1728786011L, 977540242L, -1593973169L,  -66270866L, -613823696L, -398431762L, -1920271387L, 233292454L,  -611103979L, -681597065L, 1552795224L, -1718565004L, -107830046L ), weight = c(1.08815997512014e+274, 1.603379463214e-58, 1.04613837189851e-10,  -1.88831983614963e+146, -2.76293308229909e-194, -6.97205378261285e+79,  2.75677352114531e+53, -3.06267740736202e-211, -5.51075422447846e-282,  1.12721217890837e+271, 2.9729297112535e-135, -5.64072057025014e-246,  -8.97412910754601e+223, -0.000149059420130128, 4.00006695917432e+209,  -1.54856930949977e+206, -4.76640662754041e-43, -4.14492971520566e+211,  -1.33375904223317e-19, 7.50294615700782e+275, -3.54919152161866e+86,  -8.46815791703838e-38, -4.6931372601083e+27, 3.74333823177032e-85,  7.18084704185976e-13, 5.43925348550642e+77, -2.63954756372253e+203,  -8.035191682105e+62, 4.52785719052646e-99, 1.62589982823472e-175,  1.55591213325014e+162, 8.63031018389494e-255, -3.60762946158194e-249,  1.61089170743615e+221, -3.2420135871162e+210, -2.97824390177137e-198 ))
result <- do.call(ggraph:::partitionTree,testlist)
str(result)