testlist <- list(nsites = 1037287090L, offset = c(4.89300916990016e-18, NA,  NaN, 6.85505967737193e+34, -Inf, 0), phi_tune = -3.45563968708536e-307,      phi = c(-1.18722542835785e-138, -9.94275725880399e-129, -2.29193032566272e+207,      -8.8648473357611e+150, -4.38726156016411e-301, -2.04485919892213e-115,      -9.78741584581232e-38, 3781790196903935, -3.51459256192562e-252,      -2.56557048238682e+74, NA, 2.32501611433593e-19, 8.64913773490336e+302,      -1.09974375197471e-168, 1.82200420451323e+140, 3.02942448812905e-291,      -5.17469041303283e+202, -8.27150008520568e-306, -7.33711023872455e+300,      1.97268283103973e+49, -1.21750550469109e-225, 6.44897769161259e-220,      7.59051847664504e-119, -4.42639735304681e+116, -2.11393740579655e+169,      -615.846896779805, 1.10408362301458e-87, -1.17708915553036e-207,      NA, 2.30266407086943e+228, 2.13328051713706e+176, -5.66504757048743e-215,      -Inf, -5.16521656261202e-249, -1.00568630947135e+75, -Inf,      -1.34044296042481e+289, -1.56511666778602e-190, -6.34082131819929e+203,      -2.90006178795273e-19, -1.39955144284659e+173, -1.90159343004771e+291,      1.5734579731906e+305, 5.64039213886245e-273, -3.2431233819869e+151,      1.56330090593387e-136, 1.06934807126155e+260, -8.11067899940155e-176,      -5.77168934261863e+253, 0), poiind = c(-9.47390502121081e-232,      -8.35383741603541e-105, -2.68890305866452e-274, NA, -7.87499263079521e+287,      -2.4133447065343e+124, -4.00837553050084e+246, 4.19494362862166e-280,      -1.73460365677915e-185, -5.02870682896287e+103, -1.95500350517203e+147,      3.76225815725479e-13, 1.37051072352233e-250, 6.77457219148357e+180,      3.34044288351235e+168, -6.86697942797295e+92, 5.43220445603635e+96,      -1.40860875056371e-194, -2.45607396830179e-182, NA, -3.82010934530978e-219,      7.81374302511623e+147, 2.36646214944023e+250, 5.50024706907971e-198,      3.5960859060071e+137, 4.81013048166871e-160, -Inf, -1.08837669020032e+189,      -2.46155325616392e+218, -2.70828945036771e+90, 1.60376136005431e+76,      1.15598624813881e-172, 2.49795420457648e-253, -8.32088974952438e-287,      5.56895337723075e-81, 8.75347742334734e+166, -1.77114038158905e+189,      -6.0707825627167e-87, -4.76467122392054e-57, 2.25982024754044e+83,      Inf, -4.54698434497736e-27, -2.63188767057152e-192, 0), rho = -5.25823388263774e+197,      tau2 = 1.97902095944982e+91, Wbegfin = structure(c(9.60852615381249e+243,      3.41238182719586e+186, 8.32505045713967e-66, 1.07931593374719e-110     ), .Dim = c(4L, 1L)), Wtriplet = structure(c(2.50879584250027e-34,      4.28695691111917e+212, 4.65632510841789e+165, 5.25764998313224e-140,      4.73051983409113e+81, 2.44661798610057e-306, 3.16863782776018e+221,      1.81256844113557e+193, 3.85666077915158e-116, 1.10773885760006e-194,      4.91837538960700e-09, 5.70303972730447e-52, 1.21339366169061e+82,      1.87059068377871e+185, 3.80936531932943e+285, 1.51424999965906e+214,      1.31460473428886e-09, 4.92900929573237e+115, 5.23979836446324e+112,      1.02805818031798e+33, 1.87167255210321e+215, 3.03465296427834e+273,      3.19724458083905e+172, 5.87204108750115e+263, 3.71362257296835e+91,      4.25172586249684e+97, 2.71186818210192e+164, 3.81275361080101e+214,      5.96052871627533e-52, 3.64792172694336e+55, 6.43666491159379e-63,      5.46960064930128e-65, 2.01878461102506e+195, 2.77175470583224e+155,      8.81468270642356e+241, 3.53084847531135e-240, 4.92260040241944e-157,      4.40514862645554e+133, 2.10873405605942e+257, 1.10285741277009e+231,      4.14466711692563e-166, 1.21319680266072e+294, 1.04661383200292e-23,      2.79971604778842e+116, 9.39593098653212e-66, 4.56436430010371e+52,      3.70942857787748e-202, 8.66590781420303e-273, 2.44513893746886e-238,      6.36833038594824e-153, 1.49751645943008e-159, 8.79183692071591e+205,      1.54144749753206e-238, 6.89882761085962e-26, 4.14154745885787e+127,      3.44474922054869e-30, 2.67969987731409e-164, 2.72057052359393e-18,      5.44023092158988e-88, 8.42334086461025e-56, 4.15037914705228e+135,      9.11384138761752e-204, 4.15693288473845e-193, 6.74728598883376e-87,      5.98365935146448e+97, 4.99878972303815e+238, 6.35155124641353e+162,      7.91753317832302e+145, 4.34495479620102e-297, 6.76271629596537e-135,      3.25879595351228e+273, 1.26773802963969e+299, 5.20789151770453e-251,      1.52750871657328e-289, 3.27159163638201e-279, 4.5683723323007e-156,      3.91288258931968e+233, 2.40290922510377e-198, 1.41772697706065e-146,      1.51265919192218e-56, 4.43820556985658e+279, 3.37004506110181e+68,      3.41254640008142e+179, 2.47983137819477e-195, 3.53908065018805e+109,      2.56880093585468e-90, 5.9560472004332e-302, 247.39645619438,      4.39516971589493e+203, 4.13206814633957e-204, 3.40141170256182e+263,      2.90552020040395e+217, 3.17790287298347e+299, 2.8664152375586e-115,      1.66028439713713e+36, 4240632.13261808, 1.43423109518197e+142,      1.26387029560791e-116, 1.82467628261073e-99, 7.4499554181374e+151     ), .Dim = c(10L, 10L)), Wtripletsum = c(-2.84806001055429e-249,      1.99322435479479e+290, -4.76290971566503e+150, -5.05469147207964e-276,      -38932.0107031393, -9.81935025436332e+272, 8.74887022784627e-80,      1.41594182882866e+160, -1.78224054079026e+301, 8.79146180890804e-118,      1.06873471369736e-302, -6.43225973685118e+215, -3.35817043649699e+282,      1.06175173731334e-53, 1.29142917387358e-80, -2.51887318648588e-199,      -3.7922546353685e+201, 1.11731304339115e-158, -2.55168386826445e+287,      7.47225246920126e-110, -1.28298791734487e-47, -1.97738079644994e+183,      2.03611404093398e-202, 9.43847093101633e-195, -1.41270876722069e-253,      1.31593613153557e-246, 2.52854285045253e-81, -6.46072702929078e-278,      -2.81417261517692e+57, -3.04211099237556e-281, 1.00321600128965e-283,      1.92352612873245e-162, 2.3543452799579e-214, -8.54073307235286e+186,      1.04367757243351e-273, -9.51352402005264e-43, 1.15482567746187e+295,      -3.01442395574839e-244, 9.55511972711322e-05, 8.38182430515811e-306,      -4.46359261226392e-166, -1.44161078801585e-139, -6.25251515652529e-235,      8.80237623438054e+158, -8.5692683706599e-160, 1.40735706164106e-68,      6.79361548333789e-161, 3602396810640518144, -1.33809542863322e+39,      -3.93837983652754e-72, 5.91083134824828e-136, -8.36635451655304e+274,      1.25445556171828e+288, -1.67195552429908e+255, -3.76186881418915e+115,      7.68814758198481e+189, -3.0052921324561e+268, 1.63733828905966e+238,      5.43033045294028e-179, NaN, 2.15589675459229e-49, -2.43200123050107e+295,      1.92798998705805e+62, -2.32417315036466e+67, -1.27363534709465e+79,      2.09311193252641e-98, 1.98723320966017e-32, 2.24315929748944e+280,      -3.33597384655493e+94, 6.6243328475215e+275, 6.23981911608189e-223,      -1.56389459079609e-192, -4.160352250935e-51, -2.04310981399567e+244,      2.13057712967784e-308, 4.63808992142034e+120, 1.07008424823256e+101,      -1.24929523008481e-118, 2.61326858590124e+21, 8.33944413460484e-27,      2.08405959376153e+176, NaN, -1.5502828228148e-10, 2.47477639171253e-95,      4.02391530812385e-283, -3.95130191787813e+167, -1.05163039228034e-163,      5407044.63030337, -2.81208330680084e-186, 1.33760523095076e+256,      -9.53618047701456e+295, -7.11362392359841e-77, 4.64075607786316e+228,      -2.70088481231343e+119, -4.42440613444358e-138, 4.55508121386666e-48,      1.64967297525114e-139, -1.05163039228034e-163),