testlist <- list(x = c(-1.63516358378268e+73, -3.10674859506327e+95, -1.20228806476087e+286,  1.10404068452662e+100, 8.30278424868659e+176, -1.08664321234458e-291,  1.79333085428259e-71, -5.93779282342348, 2.50093810859772e-229,  NA, 5.89150713178979e+39, 1.55774889025111e-118, 2.49078731224177e-266,  1.36279154483908e+135, -1.72079560032437e+49, -1.66252224950462e-111,  -2.08575055368693e+267, -1.47306698951417e+43, -3.58575914088243e-196,  -2.51288506164853e+207, 1.09794906852895e+21, -2.06989419634368e+43,  9.03185209610605e+160, -4.38759268322644e-307, Inf, Inf, -9.80482779167652e-233,  2.98009269683047e+66, 3.51436622377934e+61, Inf, 2.67122894497158e-42,  -1.21834394638076e-285, 9.09837543354914e-74, 7.73839607814363e+202,  1.23606159475359e-133, -1.02131277407463e-15, 2.94287006570323e-251,  -4.48122074571731e+83, -1.80487509264119e-127, -47868552668282.1,  3.84698959477715e-117, 2.30215904116326e+135, 1.22581355296107e+79,  -2.76787932241301e-279, 4.66425620661165e+304, NA, 9.28341028577598e+126,  -2.22218384883301e+146, -4.05628672696377e+52, 8.7463885141516e-245,  3.61834142346336e+295, 3.04493367604871e-108, -2.56986923677466e+248,  -9.02138638888365e-81, -3.01463495038027e-122, -0.437535929860998,  -1.39650233467944e-62, -3.10388602206311e-302, -3.60950503569667e+67,  -2.26649918459985e+148, 4.0486744683413e+227, 1.78062344824889e-209,  1.30940347988358e-144, -3.93011983512942e-97, 2.07019520421926e-252,  -7.64295120388261e-246, 6.66276868997936e+288, -2.20450947444361e+241,  6.16880498802009e-220, 4.61980076822128e+64, 0), y = c(465242.596758469,  2.9497164025618e+23, -1.55778667635587e-184, NaN, -2.11273780343667e-67,  -4.28774828388431e-244, -206794759.940816, -3.96552075578755e-60,  -1.88980141228014e+270, -4.08537824587809e-64, 2.77487215060149e+28,  2.85196800538902e+168, 4.57494427509789e+132, 6.56422014635973e+68,  1.4249339517726e+80, -4.07515989527567e+50, 3.3100666712554e+189,  9.69964039973856e-50, -1.01486079609491e+38, NA, -1.94567133463257e+57,  NaN, NA, -4.16117118596586e+164, 5.72145342264581e-64, 2.29980463069175e-54,  2.95772920925327e+161, 3.73577825018604e+267, -8.53934442098962e+54,  2.42139514152111e+234, -1.04237453816721e-261, 2.31786294681196e-59,  -3.65281400402568e+140, -0.000212462471270825, -1.11774339799929e+227,  7.2157783529894e-09, 2.24898360766007e+133, -1.50103087074281e+184,  -2.44716186725293e-126, 8.33356630754372e+61, 3.61254321337816e+193,  -3.74550600932588e+121, -1.58136363502061e+97, 9.06963288107841e-10,  7.93922957096775e+110, 2.74683980322995e-180, -1.97890185966853e-32,  6.10764905383846e+180, -3.14199160428555e+230, -2.42583216332682e-185,  1.0813226777355e+133, 23120257.0988876, 9.10668487800888e-299,  -4.0191467657872e+292, NA, -7.31594734852476e-110, 4.80765122723041e+138,  -1.1128356072352e-150, 8.17133143531057e+205, -3.80237629947225e-168,  2.83421344987473e+219, 1.81613654267695e-254, 0), z = c(-1.32421989740389e-206,  4.059066362098e-254, -7.44316096026685e+188, 5.00995913516039e+32,  -3.11898674767557e-114, -2.46268175279171e-136, -1.75811730487889e+40,  -2.16314909564262e+200, -6928.77762902128, -1.77262365606058e-258,  -2.84662534244855e-23, -1.84500134476985e-204, -3.82719054087094e+58,  2.04735712257695e-306, -1.93579466773329e-54, -1.20627625981549e+112,  -6.23182083743783e+248, 3.31424615997125e+32, -48655951435293728768,  -4.97014925997332e+197, 1.22599225432721e+66, -1.34790645562875e-193,  2.68570887783064e-94, NaN, 2.18355753540287e-28, NA, 1.42744779169135e+296,  4.47136935755243e+261, -Inf, 6.06201950991569e-81, 1.38980915719186e+293,  2.52719614087238e-284, -8.49459063721399e-96, 5.30342853143559e-183,  -2.88299117511752e+257, 9.89075146401493e-26, 6.29704213873744e-296,  -2.06160115317469e-89, -1.53621958481096e-304, 5.32280103560042e-267,  1.78985078712908e-137, -2.17426907405947e+268, 2.25090754618536e+133,  -5.32092984666632e+299, 1.14524472011727e+117, -2.92277935873012e+144,  -1.31620338008784e-160, 1.72586383627496e+194, 1.22655043642585e+141,  -8.94867854797935e-86, Inf, -3.51391612788368e+186, -Inf), accel_input = c(-1.83239237735207e-102,  -5.44276336536616e-211, -6.75955167444112e-40, -1.52479119309833e+164,  -2.59511698911285e+210, -1.30659935128959e+169, 1.16832778286469e-178,  -1.8321358789538e+283, 5.71887565703211e-76, -6.98063151556246e+74,  -5.47405227974676e+225, 1.7875566079245e-156, 1.73354219925383e-61,  6.0388381697322e+172, -1.55126597453789e-37, -3.46226835632025e-98,  -4.5980753909861e-175, 4.52173244756291e+34, NA, -1.82735744489759e-37,  2.20822409097156e+72, -1.96006844987876e-267, 7.45572575587726e-117,  -4.48805777266883e-178, -Inf, Inf, NaN), samp_rate = 43691040L,      vector_size = 965044073L, k1 = -4.13946677028134e-223, k2 = -3.71007670628958e+295,      k3 = 1.4061769035493e-111, ncores = -1755496365L, l_const = -4.95189684683758e-06,      mu1 = 4.49513977947164e-300, mu2 = -1.33142090207326e+23,      kappa_opt = 8.80340302367038e+292, logK = 4.65423890542505e-85,      log_I0_kappa_opt = -1.25002341584222e+182, log_const_vmcos = -1.69915467755826e-87,      mode_1 = -1.98758422395412e+217, mode_2 = -3.81848449929176e-199,      n = -164577095L, unifpropn = -2.97532338484649e+69, vmpropn = -7.72721898928751e-16,      I_upper_bd = -3.90273034706978e-168, log_const_vmsin = -2.76332369871508e-256,      k = 4.2913428360563e+257, mu = 2.13936278438989e-92, d = -6.39286543938038e+143,      m_x = -1043372554L, m_y = 828823687L, m_z = -1644755921L)
result <- do.call(BNSL:::BDeu_mi,testlist)
str(result)