testlist <- list(d = -6.39286543938038e+143, m_x = -1043372554L, m_y = 828823687L,      x = c(-1.63516358378268e+73, -3.10674859506327e+95, -1.20228806476087e+286,      1.10404068452662e+100, 8.30278424868659e+176, -1.08664321234458e-291,      1.79333085428259e-71, -5.93779282342348, 2.50093810859772e-229,      NA, 5.89150713178979e+39, 1.55774889025111e-118, 2.49078731224177e-266,      1.36279154483908e+135, -1.72079560032437e+49, -1.66252224950462e-111,      -2.08575055368693e+267, -1.47306698951417e+43, -3.58575914088243e-196,      -2.51288506164853e+207, 1.09794906852895e+21, -2.06989419634368e+43,      9.03185209610605e+160, -4.38759268322644e-307, Inf, Inf,      -9.80482779167652e-233, 2.98009269683047e+66, 3.51436622377934e+61,      Inf, 2.67122894497158e-42, -1.21834394638076e-285, 9.09837543354914e-74,      7.73839607814363e+202, 1.23606159475359e-133, -1.02131277407463e-15,      2.94287006570323e-251, -4.48122074571731e+83, -1.80487509264119e-127,      -47868552668282.1, 3.84698959477715e-117, 2.30215904116326e+135,      1.22581355296107e+79, -2.76787932241301e-279, 4.66425620661165e+304,      NA, 9.28341028577598e+126, -2.22218384883301e+146, -4.05628672696377e+52,      8.7463885141516e-245, 3.61834142346336e+295, 3.04493367604871e-108,      -2.56986923677466e+248, -9.02138638888365e-81, -3.01463495038027e-122,      -0.437535929860998, -1.39650233467944e-62, -3.10388602206311e-302,      -3.60950503569667e+67, -2.26649918459985e+148, 4.0486744683413e+227,      1.78062344824889e-209, 1.30940347988358e-144, -3.93011983512942e-97,      2.07019520421926e-252, -7.64295120388261e-246, 6.66276868997936e+288,      -2.20450947444361e+241, 6.16880498802009e-220, 4.61980076822128e+64,      0), y = c(465242.596758469, 2.9497164025618e+23, -1.55778667635587e-184,      NaN, -2.11273780343667e-67, -4.28774828388431e-244, -206794759.940816,      -3.96552075578755e-60, -1.88980141228014e+270, -4.08537824587809e-64,      2.77487215060149e+28, 2.85196800538902e+168, 4.57494427509789e+132,      6.56422014635973e+68, 1.4249339517726e+80, -4.07515989527567e+50,      3.3100666712554e+189, 9.69964039973856e-50, -1.01486079609491e+38,      NA, -1.94567133463257e+57, NaN, NA, -4.16117118596586e+164,      5.72145342264581e-64, 2.29980463069175e-54, 2.95772920925327e+161,      3.73577825018604e+267, -8.53934442098962e+54, 2.42139514152111e+234,      -1.04237453816721e-261, 2.31786294681196e-59, -3.65281400402568e+140,      -0.000212462471270825, -1.11774339799929e+227, 7.2157783529894e-09,      2.24898360766007e+133, -1.50103087074281e+184, -2.44716186725293e-126,      8.33356630754372e+61, 3.61254321337816e+193, -3.74550600932588e+121,      -1.58136363502061e+97, 9.06963288107841e-10, 7.93922957096775e+110,      2.74683980322995e-180, -1.97890185966853e-32, 6.10764905383846e+180,      -3.14199160428555e+230, -2.42583216332682e-185, 1.0813226777355e+133,      23120257.0988876, 9.10668487800888e-299, -4.0191467657872e+292,      NA, -7.31594734852476e-110, 4.80765122723041e+138, -1.1128356072352e-150,      8.17133143531057e+205, -3.80237629947225e-168, 2.83421344987473e+219,      1.81613654267695e-254, 0))
result <- do.call(BNSL:::BDeu_mi,testlist)
str(result)