testlist <- list(a = 518092998L, boolowf = c(0.000346830690266817, Inf, -1.97463552718117,  7.07822990885397e-29, 8.70739015980191e+265, 5.63548034599287e+87,  -2.77301571280541e+196, -340668998395.743, 1.62671041379141e+294,  1.01107226483859e-133, 5.31029017045346e+137, 7.73436316586536e-83,  -1.54350366115268e-61, -1.10986314693312e-179, 8.50650705419703e+280,  -2.21721202904513e+300, 6.78808806316983e-146, -4.96198739264669e-173,  1.11129243520814e-146, 4.99608739294609e+91, -4.3696512217049e-239,  1.23287607456075e-68, -3.50415710967251e-203, 4.86307476972418e-57,  -2.82834783160514e-218, -1.36135115887039e+49, -7.94305940408215e-113,  1.51972327366629e-253, 2.32011175350602e-169, 1.0279368515058e+91,  1.38433944715442e+211, -8.91399501165394e-116, 4.26461008424714e-48,  -1.87356962784679e+305, 1.76613368975305e-271, -1.2330240148118e-274,  -1.95178837914621e-116, -3.10859553958217e-72, 4.76200747879116e+79,  -8.81726372948188e+255, -3.29450242869338e+248, -3.24703642458277e+104,  5.91616101549713e+186, 7.31924153962731e-199, -2.218454919593e-35,  1.33737720055185e-40, -1.2484266291143e+249, 6.09125012451655e-58,  4.73083778531349e-93, -1.25885478976289e-122, 1.47795140890583e+59,  -5.5962528955276e-150, 3.03620651048195e-82, 8.2934833423358e-38,  -6.87848052513817e+78, 1.65530386522622e-34, -7.52619651705585e+155,  -1.68247133365245e-217, -Inf, -1.58450234702424e+75, -1.95828879590819e-12,  6.29566972399486e+302, -9.10015733063716e-55, 2.29619921839379e+257,  -8.00578465791216e-147, 6.59256090323611e-50, 6.54476056074317e-39,  -1.24064410588901e+77, 2.60827391043405e-84, 2.55783662977012e-116,  -3.54124786063783e-308, 2.76775712626882e+250, 4.06918716453299e-93,  1.86700290427379e-146, 1.04037982579173e-196, 1.17357189931038e-171,  9.92586752500253e-21, 1.05117180827159e+193, 1.93712385554106e-177,  2.65338488595475e+115, -2.51877371356603e-181, 7.76935176120334e-76,  -4.92186272069496e-281, -9.47744437674087e+33, 1.15511120912022e-229,  -4.63604693210585e+151, 2.78737663826371e+184, -1.23569708632955e-278,  1.61173523161141e-11, -Inf, -3.42818892090561e-109, 8.95691298650119e+267,  Inf), booupf = c(1.26715276460758e-269, 5.25091666357015e-262,  -3.08454755870386e-125, 2.38279164418667e+287, 4.64592633003873e+290,  6.04378282246662e+82, 6.36889210627663e-214, 1.29646733648352e+150,  -2.94865953699437e+214, 2.76670483132394e-21, 2.93807808469405e+307,  -4.90645296833822e-138, -2.21538526913145e+56, -4.43452896784644e-08,  -7.69316999477859e-252, 2.72770160672041e-105, -3.31178113013873e-189,  -3.98085586097336e-209, 7.85000619494326e-285, -1.16949052596803e-140,  2.39443171832538e+203, -2.82406809467662e+220, -3.55714919121836e+127,  -6.18110604952613e-309, 7.99978713989709e+283, 6.79081252003983e+87,  -4.69481072301174e-193, -2.69290311550121e+215, -5.00893401149264e+203,  2.00157272231697e-273, 5.927996508637e+92, -5.86934597033627e+91,  1.91826963592758e-308, -2.69290311550121e+215, -2.168072222869e+216,  2.03311121437368e+122, 1.29996586197931e+80, 1.51703842419984e-16,  8.12300114942485e-184, -9.60427329849139e-135, -1.68960039538803e+163,  -1.86259118389036e-200, -1.24554860445005e-167, -4.19423594999317e-159,  5.26104017001029e+159, 3.52496769763283e+280, 4.70839476389774e+167,  -6.20242673570374e-86, 1.22298271744931e-108, 3.22211059366556e+307,  -Inf, 4.77256678918117e-170, -6.80327990165439e+158, 1.30876045404355e+85,  1.03896089351678e-183, 3.43900767287066e-15, -6.16727485621116e+140,  -1.11975231099828e-113, 555.304398363654, 1.33176178628397e+78,  -1.63076694866883e-207, 4.49067574379528e+125, -1.57177344384802e+172,  -1.33311880081938e+236, 1.33467032590028e+177, -6.99693524597487e-73,  -3.71248575457419e+240, -1.00292633249596e-08, 1.87138916415508e+288,  -5.78413442868504e-273, -2.73626141669691e+215, Inf, -2.21468857505557e+259,  -7.96718372718714e-143, 1.06799208838618e+231, -1.8337785469155e-246,  -1.90427641838756e+62, 148596.172219355, -1.05822148356268e-140,  -4.47880266288681e-99, 3.9780952921818e+278, -4.70829753653498e-54,  -6.45652767639791e-298, 961468564423.252, NaN, -1.35004283842094e-20,  1.74831454293372e-247, 1.05541310610164e+300, -4.24713515293865e+260,  -2.90224863483047e+195, 0), lowf = c(4.13647481730575e+211, -3.60882039049193e-304,  -7.40357903706059e+151, -1.80005327139279e+134, 3.5660542401907e+144,  8.85145849479402e-308, -3.83376547333252e+191, 1.92088902140307e-198,  -4.51620318127797e+73, -2.65681575723303e-58, Inf, -5.01132156058758e-136,  -1.03032093767042e+241, 4.7144873587967e-157, -2.58823617167056e+187,  5.82885514507662e-99, -1.66412634666189e-193, -1.45675556720962e-149,  -2.06080487718888e+289, 2.2703748997749e-169, 9.31589674206298e+61,  -2.05026705517885e+126, 2.60567503071526e+87, -7.86962884992426e+100,  -4.70990666805056, -2.22552156706897e+33, 5.16787155702995e+164,  4.141690638512e+217, -2.55658902623974e+297, 3.35595606481773e-237,  -1.81064927738479e-232, 5.96560568040018e-300, -1.36842463564249e+97,  Inf, NA, -2.64401793907007e-232, Inf, 3.76662603681146e+204,  5.106285819082e-131, -4.24827896612922e+176, 0), muf = c(1.06636245893495e-286,  -2.82090022330831e+159, -3.67881301931569e-224, NA, 6.67144270299989e+90,  -1.269115745275e-271, -3.54676216107913e-245, -4.62355493917655e-215,  1.00715472501192e+95, -3.76922340264537e-174, Inf, -7.38207384177767e+290,  3.87128301258366e-07, -2.10125395580062e-13, 4.50933251397005e-239,  -2.49089004319146e+168, -7.55402375108888e+254, Inf, -3.39811534517268e+291,  5.85537935707277e-104, -3.53164658900465e+198, 0), sigf = c(-Inf,  -Inf, Inf, -7.09919713348535e+267, 1.13880898498471e-290, -2.24854592332138e+25,  0), upf = c(9.86447149382991e+297, 2.43964326122354e-126, -1.85804115092851e+295,  1.34640401911384e+298, NA, -4.39905307735067e+54, 3.86305919917929e-241,  -430400564451.523, 2.85669209112523e+22, 2.44017367552657e-264,  -1.52568749334634e-89, 8.49333261241875e-255, -2.88593165300993e-55,  -7.86536852637785e-79, -7.89222167861406e+80, 5.3826022460916e-279,  1.71186497414715e-81, 1.20938713485206e+262, 6.58528974273553e+226,  4.2399079504097e-262, 3.37811364051896e-304, -1.89368808408142e-29,  2.52149677592945e-29, NaN, 8.3844034982892e-282, -8.34783617443891e-47,  -6.82422745632628e-103, NA, 7.83908739892443e-78, -4.22270073155228e+232,  -3.12256139695837e-182, -3.49128272008291e+99, 1.66589218690157e+169,  -7.58391628872317e-198, -5.77450580691571e-164, 3.35490436061118e-43,  -8.38256189919707e-162, 4.59210072283411e-69, -1.74659018357494e+266,  4.10620881614375e+259, 8.74262086764656e-105, 1.52680382888703e-235,  -5.77853807769682e+124, -2.42443878411046e-119, 7.16466863572501e+156,  4.33364970397505e-234, 1.49937076486048e+148, -2.51125841277425e-63,  -2.12773390114266e-40, -6.16285904933896e+290, -8.58495231203323e+101,  5.97522067548701e-06, -2.88944191504354e+34, -2.07832527025393e-193,  -4.24963259378946e+281, -1.2278706558913e+245, -3.16448417115814e+265,  1.4510022816453e-303, -3.25522298861213e-285, Inf, 6.36683558738249e+158,  350791603.850834, -6325686028625.82, -8.8395221851622e+172, 1.32136440800305e+209,  1.07607516537625e+171, -1.85859314344332e-168, 8.53682713452571e-250,  4.27420979836135e+67, 8.94056369024988e-299, 1.33318696312864e+76,  0))
result <- do.call(NHMM:::Crtnorm,testlist)
str(result)