testlist <- list(dataf = c(Inf, -9.17638846026005e+92, 5.13137014370281e+82,  4.26940632518144e+190, 4.99937417194997e-214, -5.22416999401245e-188,  -1.80589391769124e+134, 8.03091745302203e-153, 1.26457840054993e-175,  -6.01293842522169e+54, -2.5260443888779e-163, 1.79077882811262e-194,  1.39223533720373e+152, NaN, -1380582617.58456, 1.22497793905583e-54,  4.71374609148909e+195, -1.33208115932425e+269, 3.17928866012594e+224,  1.17452321399323e-282, 1.76389289740176e-119, 3.61406242411691e-97,  -2.6658866717605e+222, 0.00100804147267582, -4.61245081449079e-30,  2.02911626360677e+113, 2.22399431333015e+56, -5.3308381015e+70,  -1.97296008840236e-282, 3.19466478479978e+158, 1.67127746243273e+120,  -8.37769096507525e+55, -5.19958998768337e+239, NaN, -1.46407177617515e+253,  -9.56957370757399e-176, -1.02798799167456e-98, 2.15078493099051e+266,  -4.49116639259076e-102, 1.44831200446511e-195, -58006.0391522742,  7.2146086935672e-260, 2.56372279527334e-63, -1.06585420340411e-128,  -1.00669902071353e+26, -5.38936214971402e-148, -1.38847092515662e-104,  -8.89638366912635e+83, -4.26579239163282e+70, -1.01496349246292e+192,  -3.85592306734708e+56, 0), detf = 7.09298763365302e-282, meanf = c(Inf,  8.56448315128991e-23, -2.70436746043881e-271, -6.81445042075819e+306,  NaN, -Inf, -Inf, -1.13738162058306e-136, NA, 6.96130984634804e+307,  0), Siginvf = structure(c(4.90608583484858e-30, 3.06609680729554e+124,  4.27500918638744e-111, 2.05656326638805e+185, 3.63178272991017e-110,  2.17281779103885e+167, 2.83932107273267e-260, 1.33446987197628e+298,  2.73073918766039e-245, 2.23531650184942e+64, 8.06520717014365e+61,  7.76346046549426e-28, 1.07633847961298e-181, 6.57990136779905e+69,  6.40503260294607e-286, 6.09735847923161e+178, 9.34495865105893e+298,  8.33981885240451e-103, 1.44860356680851e-22, 0.000113830667810557,  6.42264798399537e+206, 9.37747034607209e-279, 9.78481619921724e-146,  6.03584029522792e+75, 6.74843890150694e-218, 6.62517986262455e-150,  1.02468812841309e-220, 8.32530832912758e+123, 7.97869102610198e+305,  1.9618001465993e+267, 1.66249902934221e+247, 1.92581724268637e-299,  7.8861330802787e-215, 7.51105681032049e+137, 1.4882156269496e-64,  1.09020771722977e+131, 5.83325080983024e-64, 6.05776416805051e-301,  5.98332264818098e+165, 1.834130471473e+259, 1.51157414052668e+49,  7.08037223310132e+110, 8.4266788533786e-72, 1.72590167210049e+129,  4.83434337027072e-206, 5.73444457498033e-179, 1.9442435615956e+138,  9.46005950070378e+294, 6.23090624819968e+238, 4.87010689939187e-108,  6.44648426891263e-79, 7.71032905628062e-99, 4.45011729440031e-55,  7.84520436949574e-37, 3.3640712993667e-87, 1.97044146695771e+32,  9.13781917587504e+41, 1.68202676776183e-289, 3.87141277636721e-108,  1.22039666077618e-22, 3.78020983227045e+241, 1.96102175968086e+82,  6.66203927064385e+50, 1.03106674192311e-92, 3.48629518124883e+106,  1.67137271784052e+190, 1.06455900353595e-122, 3.87911801836304e-265,  2.3343458875934e-73, 1.76362302001558e+202, 1.47805765643822e+261,  2.53565652874592e+248, 6.73489518945065e-17, 2.69588944902947e+244,  8.37360451451743e-156, 7.41350758227253e+55, 2.43562936206816e-238,  6.53551328250276e-249, 1.95814824687303e-176, 4.79042785266166e-188,  3.54434960030797e-218, 3.36949925381082e+201, 3.43504446841814e-124,  2.6409154212369e-94, 8.01541594713705e+89, 3.31006858254507e+103,  2.24443883811476e-48, 4.92726340869903e-223, 4.67537600537646e-278,  6.03494738312697e+87), .Dim = 9:10))
result <- do.call(NHMM:::rcpp_dmvnorm,testlist)
str(result)