testlist <- list(a_size = 272780607L, n_threshold = -9.37205932561137e+81,      nr_strategy = c("fvylaezejkepkghiubpa", "mxnyzfrxjnwoyetbdclr",      NA, "wrhnqpdjksyz", "xdfndrfyb", NA, "hnnmmnsemjxphcfkrfwg",      NA, "dgbiktgirohfxssnekhc", "jmvjhfeqlcxlrxrdaoqv", NA, "koygplfy",      NA, NA, "oungbxcumlotezyekkfw", "juwuhshvplhzddkztotn", "wyjnneqpjtuaqbmbfgmk",      "uxdjqypirfqi", "wunfngghhsu", "hhxpgdfhptvigrzdtv", "cfnchmociyulwvdklbzv",      "sqqedtnzbycysypbwpvu", NA, "xvfbxbkxyctussmsuvxj", "gfakcrhdqmcfkjhnzmat",      "yklndgvplxtuwugolbqy", "qivrvxssalgqhezjvnyf", NA, "hftgnqapbonteozwurkf",      "eofmrdjsuvocadwtazmn", "ngtqdniyjrxaiwppwron", NA, "gaoeowijlxvttihtrjzq",      "qbjmcfeka", NA, NA, "t", "tcbtffxckrgobuhaauk", "eutobhtzpdtwggscnrco",      "pjsdwfqsvxailihrolsk", "waffgvcnczddalbentpp", "bbvket",      "yknlrpkk", NA, "l", "arotn", NA, NA, NA, "tkferhmfuptztfxnuznr",      NA, "ukjjjrbzaqrciwctjlcl", NA, "vixnfvkfp", "ivacrjzdtbufhovmxbdb",      NA, "mtnmhhvoy", "yzocwjarrpkrjuyjv", "raabenhsijknoklexkvs",      "kheorhlyrpak", NA, "wywekjm", "tgdxearvkknxwlibskuc", NA,      NA, "fsycmdizwvumyypxpdgr", NA, "vuwuqevhiuwyajmemagk", NA,      "xuvvnosyudqf", "qgtblubwfdjckdxnghhl", "yvznl", "xrmipiqdiknckinj",      NA, NA, "lejxzdbfrtlagtbdnif", NA, NA, NA, "cohaacf", "hzjzhklobgynofprglxn",      "paesjlmmwkdrvsgox", NA, NA, "jkxazdfqycyqqgizuoul", NA,      "xuqthkyu", "r", "nldzkfnjxvwxzkire", NA, "vipvdrqa", NA,      NA, "qsttfaofydptkuiclonv", "huxpodquvqcmmflr"), paa_size = -1311596773L,      ts = c(NA, 1.58492272098327e+78, -4.46341336622943e+60, -2.92756696391515e+192,      3.57835619824991e-166, 1.33844425170803e+189, 1.21981910830569e+140,      3.60373043343149e+45, 2.71768645914188e+121, 5.75996881937757e-137,      -Inf, 3.60691983351992e+141, 5.12762777288257e+49, -1.66782675023562e-90,      -6.95806893891595e+264, -513112.69042761, -1.62691253001162e+59,      -1.56120563340141e-48, Inf, 2.47516689484146e+63, 2.29988858084153e-205,      -2.65943364627163e-232, -5.73165934679291e+169, -3.0177581596252e+42,      -5.68645994407818e-112, 2.1377234323036e-224, -2.93680549564418e-174,      -1.95453687931475e-268, -4.81758932343326e+240, 2.38394355938371e+222,      -5.81634868289987e+30, 2.28633256848977e-306, 9.98596872723651e-10,      -2.03223080590138e-74, -9.11462033005515e+210, 1.16831108588832e-32,      -2.10493390549546e-235, 1.10407035926728e+214, -8.32652587261629e-170,      NaN, 4.61852189857653e+48, -2.03140764561842e-96, -1.7798522050982e-18,      NaN, 4.45791864702938e+118, 7.82488179261577e-259, 6.4739479098088e+249,      -7.73096486440656e-113, 1.70866938297328e+241, -3.33880702530892e-217,      -1.92480510210381e-52, -5.42461904639986e-107, 3.95315463442533e+118,      -1.04181342690056e-255, -1.48742547041069e+276, 7.82578813116538e+257,      -3.90224277557398e-282, 2.72330048565393e-253, -3.09403834188545e-291,      -1.48316652410032e-33, -1.19232907257918e-138, -1.48242319141669e+21,      7.15675873489947e-113, 5.72630171786053e+175, -6.23226625145956e+183,      0), w_size = -1841273426L)
result <- do.call(jmotif::sax_via_window,testlist)
str(result)