testlist <- list(measure = -1593347551L, n_boot = 862254861L, param = c(-5.89005914574442e-76,  1.59373183250584e+112, -6.62229991767253e+111, 8.41077862597454e+276,  6.50393681835891e+34, 2.62491260142936e+115, 4.18432790421794e+60,  -5.21172632519682e-308, 2.14098162170787e+225, NA, 1.20238725095357e-49,  Inf, -1.78131289646301e-47, -171231538254.428, -3.94756031276104e+110,  -1.65422368057808e-131, -2.72187681599536e+262, -7.12097525403221e+186,  3.09017317564351e-241, 2.55659209659802e+215, -3.74990675727923e-150,  7.59280523149324e+238, -5.61663099395338e+107, -6.83087602086059e+83,  2.0355221587509e-135, 1.51872936377796e-106, -5.65436749734718e-59,  -6.6338771012279e+37, -3.40101405153178e-36, 7.31753461128441e-267,  -1.45327414345041e+37, -2.1042749552487e-142, 2.86186950494508e+130,  6.98016698779464e-36, NaN, -6.40810916635609e-208, -3.04688672953478e-183,  7.38682693966375e-170, -Inf, 2.12296455607625e-20, -197152954837.446,  -8.95546526210724e+93, -2.75991772064053e-237, 2.15470606241937e-210,  4.76205010428576e-146, 1.33683240753155e+249, 1.79809958628605e+165,  1.91918162523412e-143, 3.64496148336368e+213, -8.65190647230444e+215,  -2.72413507853322e-205, 1.31736181993838e-20, -4.69882833123616e+153,  -2.7313986258776e+219, -1.82847280084565e+198, 0), pred = c(1.01951942193912e-286,  4.75211747800459e+292, 6.88992736229606e+26, 4.28830320323437e+223,  1.95281647220887e+187, 9.5204534940898e+266, 6.04331889763219e+30,  5.41718997357861e+227, -Inf, NaN, -1.33365688552999e-292, 2.66594156647351e+126,  1.02498259289938e-203, 4.46835413932475e+248, -2.04220301930627e-289,  -3.20639126863497e+196, -3.20024515927246e-80, -5.18939079971322e+138,  -35940998885498.8, 5.50072498978988e+112, 1.12067882282595e+190,  3.5145380612376e-273, -2.89998322676809e-70, -1.00517827239641e+250,  3.05142865176184e+289, -1.27369105522302e+60, -9.20272035153548e-40,  -1.46504655514033e+49, -9.09741904601055e-161, 1.08037740313073e-134,  4.09235425043173e+161, NA, 1.02398713722809e+111, 1.76856107685502e+285,  2.87856072366104e-137, 6.85620894982678e+108, 4.26698088550777e+36,  3.17508842633137e+224, -6.89589254207506e+303, 3.37115866851046e+305,  3.64216695687384e+204, 2.62942305850827e-285, -121.805259569016,  2.54372035188631e-200, -1.74034434443052e+132, -2.42169095032548e-46,  -5.43270533556134e+177, -1.04178288395668e+296, -8.38444193664023e-271,  0), true_class = c(NA, -526898805L, -1516671476L, -455497391L,  1046543892L, -411615403L, -770237213L, -2109715869L, 281681648L,  1648851720L, -521530171L, -1011018238L, 487921156L, -1940563618L,  1819624174L, -1232318010L, 1450162105L, -1221410409L, 483744992L,  292168806L, -1996967148L, 1292727225L, -2102024136L, 1106902935L,  1773555744L, -401492219L, -434838152L))
result <- do.call(fbroc:::get_uncached_perf,testlist)
str(result)