testlist <- list(m_x = 176952321L, m_y = 500925017L, x = c(1.97425063508205e+303,  -3.87885236590348e-46, -2.68958017024626e-72, -57713106408008.5,  9.26781146726328e+22, -1.88382488655098e-298, 1.57691903797035e-285,  -3.39842371438558e-84, NA, 7.51439586577819e+176, -65.2281066184751,  -3.73449385666326e+80, 3.25549891992681e-127, -5.99742827564188e-266,  9.0344108046935e-59, 1.63242621419838e-71, -6.08635253109837e+181,  1.43694370710381e+237, 9.38547272148532e-32, -6.74649380164587e+196,  1.00904617137215e+194, 1.73027973813293e+243, NA, -4.64065245101684e-177,  -6.34605143733607e+257, -1.9330019980373e+236, -2.37201619729211e+141,  1.24879442282763e+144, -5.00230553395465e-168, -9.3629405644126e+250,  1.68738050972685e+148, -1.40775172614316e+250, -6.1154208507316e-257,  -4.78949936500948e+231, 8.45174657610406e+171, -3.65492474902639e+207,  6.79096033250101e-151, 5.37515463007054e-185, 5.95968364435776e+233,  7.70743457872671e-88, NaN, 2.31125238802437e-300, 7.77919581441432e+65,  Inf, 6.4807333637009e+62, 6.99440150765659e-252, NaN, 1.62119575531589e+111,  -1.55965972540457e+112, -1.61847076289353e-304, -3.92015812168265e+154,  5.29358226622007e-138, 7.80074345002053e+101, 4.10054497685523e+191,  2.29126313098501e-174, 6.53507178428034e-89, 1.07912247673246e+206,  -1.45831046766255e+259, -1.15170321993315e-299, -1.33253772457582e-08,  2.32972152026133e+249, 3.33111858865744e-253, -7.18665042862504e-242,  -5.44018085955325e+39, -1.55383305118162e+79, 7.837631619691e-194,  1.02397196469612e-249, -1.44353471887606e-200, 6.28466743246152e+187,  -3.4338484270706e-261, -9.9681789880254e+91, 5.75014377420956e-83,  0), y = c(-8.7911606146673e-191, 1.70709263520291e-191, NaN,  5.03340615721968e-159, 9.9658759582789e-150, -4.51211445425903e-263,  -6.83248247646103e-05, -3.02860570596824e+134, -6.34238825855132e-39,  -1.79593139349494e-233, 2.79561923247176e+260, -Inf, 1.59489126211139e-147,  9.48081630398698e-109, 2.29463869675367e-59, -1.5838845509853e-20,  9.97111218896585e+187, -7.25501542258845e-209, -1.00219124275011e-166,  -7.75749459216819e+78, 2.95165458171137e-116, -5.03975904893711e-177,  2.89968642906555e+225, NA, NA, -6.17587696617929e-131, 3.53031991110068e+204,  -1.88718851439716e+130, -6.01758625135916e+195, 1.28678309061017e-48,  1.81887558450386e+286, -1.33061997984537e-74, 2.76937008607716e-156,  -1.27774471893233e+41, 9.58624928789578e-44, 1.89766147545959e-132,  6.81215959516602e-69, -2.41055099607295e+241, -1.63171708000174e+29,  6.60448948333519e+76, -2.54073526327026e-176, 1.39721242468014e+196,  1.27289087484685e-104, -5.4100733329806e-251, -2.29373743379135e-104,  -8.15812411588442e+204, 7.33508365306784e-290, 6.61239816500849e-127,  2.86100318664578e-198, 5.73539498347302e+249, 2.63673222631795e-216,  NA, -6.64759580815799e-157, -5.32487569576188e-182, 9.70915988186116e+273,  0))
result <- do.call(BNSL:::MDL_mi,testlist)
str(result)