testlist <- list(x = c(1.97425063508205e+303, -3.87885236590348e-46, -2.68958017024626e-72,  -57713106408008.5, 9.26781146726328e+22, -1.88382488655098e-298,  1.57691903797035e-285, -3.39842371438558e-84, NA, 7.51439586577819e+176,  -65.2281066184751, -3.73449385666326e+80, 3.25549891992681e-127,  -5.99742827564188e-266, 9.0344108046935e-59, 1.63242621419838e-71,  -6.08635253109837e+181, 1.43694370710381e+237, 9.38547272148532e-32,  -6.74649380164587e+196, 1.00904617137215e+194, 1.73027973813293e+243,  NA, -4.64065245101684e-177, -6.34605143733607e+257, -1.9330019980373e+236,  -2.37201619729211e+141, 1.24879442282763e+144, -5.00230553395465e-168,  -9.3629405644126e+250, 1.68738050972685e+148, -1.40775172614316e+250,  -6.1154208507316e-257, -4.78949936500948e+231, 8.45174657610406e+171,  -3.65492474902639e+207, 6.79096033250101e-151, 5.37515463007054e-185,  5.95968364435776e+233, 7.70743457872671e-88, NaN, 2.31125238802437e-300,  7.77919581441432e+65, Inf, 6.4807333637009e+62, 6.99440150765659e-252,  NaN, 1.62119575531589e+111, -1.55965972540457e+112, -1.61847076289353e-304,  -3.92015812168265e+154, 5.29358226622007e-138, 7.80074345002053e+101,  4.10054497685523e+191, 2.29126313098501e-174, 6.53507178428034e-89,  1.07912247673246e+206, -1.45831046766255e+259, -1.15170321993315e-299,  -1.33253772457582e-08, 2.32972152026133e+249, 3.33111858865744e-253,  -7.18665042862504e-242, -5.44018085955325e+39, -1.55383305118162e+79,  7.837631619691e-194, 1.02397196469612e-249, -1.44353471887606e-200,  6.28466743246152e+187, -3.4338484270706e-261, -9.9681789880254e+91,  5.75014377420956e-83, 0), y = c(-8.7911606146673e-191, 1.70709263520291e-191,  NaN, 5.03340615721968e-159, 9.9658759582789e-150, -4.51211445425903e-263,  -6.83248247646103e-05, -3.02860570596824e+134, -6.34238825855132e-39,  -1.79593139349494e-233, 2.79561923247176e+260, -Inf, 1.59489126211139e-147,  9.48081630398698e-109, 2.29463869675367e-59, -1.5838845509853e-20,  9.97111218896585e+187, -7.25501542258845e-209, -1.00219124275011e-166,  -7.75749459216819e+78, 2.95165458171137e-116, -5.03975904893711e-177,  2.89968642906555e+225, NA, NA, -6.17587696617929e-131, 3.53031991110068e+204,  -1.88718851439716e+130, -6.01758625135916e+195, 1.28678309061017e-48,  1.81887558450386e+286, -1.33061997984537e-74, 2.76937008607716e-156,  -1.27774471893233e+41, 9.58624928789578e-44, 1.89766147545959e-132,  6.81215959516602e-69, -2.41055099607295e+241, -1.63171708000174e+29,  6.60448948333519e+76, -2.54073526327026e-176, 1.39721242468014e+196,  1.27289087484685e-104, -5.4100733329806e-251, -2.29373743379135e-104,  -8.15812411588442e+204, 7.33508365306784e-290, 6.61239816500849e-127,  2.86100318664578e-198, 5.73539498347302e+249, 2.63673222631795e-216,  NA, -6.64759580815799e-157, -5.32487569576188e-182, 9.70915988186116e+273,  0), z = c(-1.39167109643606e-173, 9.08300228073798e-264, -6.40081293800212e+45,  -6.17187718180081e-281, -4.96829389277264e-201, 5.26494176307603e+290,  5.48960748539791e-102, 4.35050497145313e-88, -9.47082596317753e-129,  -3.07586876215248e+91, 1.38013572704167e-174, 8.2919413876194e+209,  -3.25132181141102e+170, -1.55221184639531e+195, -1.01923461779018e+155,  Inf, 8.22349505475877e+133, -2.79370930726726e-89, -1.10377358709178e-48,  4.530664352304e-203, -8.64249924168505e-45, 4.03726427952434e-199,  -9.22537093652763e-245, -7.27428940263226e-100, -3.80607697634706e-81,  -7.57435441423669e-280, -4.63576033045905e-98, -3.76174236159571e-26,  3.89882438136361e+44, 1.1335081216604e+150, 1.65797748232445e+281,  8.91450444950795e-179, -1.53550437795601e+28, 4.59295050150845e+248,  -2.32574330320887e+181, 1.29489939019884e-268, 1.85125590757319e+288,  8.2781100800083e-141, 9.48964901552651e-253, 8.14065175762936e-111,  3.47167505847798e-69, -4.71727649899598e+273, -3.41029128994354e+289,  1.57773914903035e-149, 1.86880509451413e-07, -1.26122119456266e+251,  2.69785337321296e-221, 5.66332784300157e-153, 5.68679949419173e-12,  -4.28545417884322e-79, 9.59958847449092e+227, 5.6482237405276e+168,  Inf, -5.27630526262307e-253, 5.6697532482924e-219, -3.15835456520811e+100,  -7.10557988241227e-100, -1.83343072268979e+182, -11629.0601528309,  -1.07855316196763e+164, -1.92942350597015e+217, 9.28883800757805e+231,  -1.1661476656233e+129, 2.45373943109909e+135, 4.06004759584681e+49,  -7.25339410874468e+21, 5.54837993882998e-157, -4.62342740436988e-12,  5.06081633193043e+250, -5.13344562222009e+61, 6.82402118546706e+92,  -Inf, -5.27719592576487e-92, -2.82140033227255e+264, -5.4694388103875e-120,  6.07387642628035e+40, -3.41029128994354e+289, -6.15001084563511e-89,  -1.9573594441675e-123, 7.43507167229703e+214, 1.25728209554029e+195,  -4.51643966872892e+106, -2.48827485392707e-39, 0), accel_input = c(-1.83239237735207e-102,  -5.44276336536616e-211, -6.75955167444112e-40, -1.52479119309833e+164,  -2.59511698911285e+210, -1.30659935128959e+169, 1.16832778286469e-178,  -1.8321358789538e+283, 5.71887565703211e-76, -6.98063151556246e+74,  -5.47405227974676e+225, 1.7875566079245e-156, 1.73354219925383e-61,  6.0388381697322e+172, -1.55126597453789e-37, -3.46226835632025e-98,  -4.5980753909861e-175, 4.52173244756291e+34, NA, -1.82735744489759e-37,  2.20822409097156e+72, -1.96006844987876e-267, 7.45572575587726e-117,  -4.48805777266883e-178, -Inf, Inf, NaN), samp_rate = 43691040L,      vector_size = 965044073L, k1 = -4.13946677028134e-223, k2 = -3.71007670628958e+295,      k3 = 1.4061769035493e-111, ncores = -1755496365L, l_const = -4.95189684683758e-06,      mu1 = 4.49513977947164e-300, mu2 = -1.33142090207326e+23,      kappa_opt = 8.80340302367038e+292, logK = 4.65423890542505e-85,      log_I0_kappa_opt = -1.25002341584222e+182, log_const_vmcos = -1.69915467755826e-87,      mode_1 = -1.98758422395412e+217, mode_2 = -3.81848449929176e-199,      n = -164577095L, unifpropn = -2.97532338484649e+69, vmpropn = -7.72721898928751e-16,      I_upper_bd = -3.90273034706978e-168, log_const_vmsin = -2.76332369871508e-256,      k = 4.2913428360563e+257, mu = 2.13936278438989e-92, d = -6.39286543938038e+143,      m_x = 176952321L, m_y = 500925017L, m_z = -1070372876L)
result <- do.call(BNSL:::MDL_mi,testlist)
str(result)