testlist <- list(bufferSize = -1662529502L, endian = -2111846750L, m = c(1.05104006580152e-07,  1.01999853738868e-288, 3.19924704962934e-102, -1.05293999938442e+125,  1.00080046978848e+171, -2.18936871306922e+128, -6.84180323233598e-143,  1.48935390706818e+190, 26664.3041137461, -1.05104086069261e+216,  Inf, NaN, -1.68207636635412e-223, 3.11460246484944e+63, 6.80707590848682e+260,  -4.14713660231394e-95, 6.22036322610665e+93, 6.63751383233498e-205,  -4.48006319041653e+54, 2.33420567011056e+135, 4.32697718274969e+204,  -2.59251056080617e-295, 4.24603539697587e+149, 4.68855720829649e+126,  NA, 6.03913809190054e+158, -3.80126227223333e-126, 1.11585961450538e-85,  6.58284049527358e+215, 1.08888529625453e-278, -1.02638179935618e+60,  -4.03998970954227e+103, -73824608464491.1, 500323511.604, -1.89976047378885e-25,  1.55814762308769e+134, -4.14713660231394e-95, -3.06640157746488e+307,  6.35824571859493e+272, 2.58074830376814e-254, -8.41787831321513e+43,  1.15446448334543e-187, 0), x = c(-6.40017152684547e+114, -6.16782759569975e-112,  -3.38211443785812e+164, 1.27060765786038e+154, -1.57329984108083e+246,  -6.83536279265074e+26, -3.18046702286424e+137, -3.23732960052271e+190,  -1.3426564496269e-05, -3.20870842130034e-102, 1.55458937157979e+99,  2.70105881305692e+115, -4.95380595914977e+296, -6.16782759569975e-112,  5.97533666188107e+47, -3.03732844457284e-73, 1.60937798465886e-85,  2.06854955955788e+194, -1.51078168400052e+185, 3.06493524011376e-294,  NaN, 1.77020029584544e+192, -3.11288434828372e-146, Inf, 4.4115411909127e+299,  1.35787801393715e+32, -2.68968509542135e-300, 1.06441343817408e-301,  -3.71839963933592e+28, 2.82637397355523e-142, 2.60282388605646e+227,  1.7708336312959e-18, -1.88436182638568e+207, 6.08356297648662e-92,  -4.20511245215508e+131, 4.23588925904941e-51, -5.89214167352808e+118,  -7.65273866796395e+139, -4.80236153125468e-34, -6.61052296246694e+273,  -1.54615768866968e+125, 4.03252779179694e+40, 1.1957017543184e-193,  -1.00017459497168e+63, -2.07250733040582e+188, -2.10470990800065e-43,  -6.54396008905173e-261, -1.02622019285955e-112, -5.22642426404856e+101,  1.17602802820956e-233, -2.29473834074508e+66, 1.73316958577244e-149,  3.14502472517918e+68, -1.09246430891302e-86, 2.56672451956474e-163,  4.35258333166209e-107, 0.00909892622384254, 0), y = c(4.66607717441959e-222,  -4.96713333539547e-251, 6.07886499286498e-89, -9.31528019897111e+23,  5.78122068810806e+165, -7.34119336993409e+140, 5.60049339517023e-05,  2.35234531206194e+181, 6.40036562673006e-246, -6.51865381169818e-251,  -1.42493811342322e-145, -6.58748952099555e+280, 5.5132286620527e+113,  -5.96483998235117e+143, Inf, -1.93063705946663e+35, 1.36429943717775e-219,  -1.06615406797892e-173, -7.29359287580403e+74, -1.60872510574762e-191,  8.23930800152911e+278, -1.42008683386422e-254, 6.69824395723007e-223,  6.71014039621182e+278, 7.6087510563561e-302, -3.30700702309974e+130,  Inf, 9.74418207413011e-298, -1.00374520366044e+110, 5.78122068810806e+165,  1.14685738827352e-261, -2.15513492572362e-91, 0), z = c(-5.99633410431074e+257,  1.68763837525661e-242, -2.30855563607246e+108, 1.48465379317966e+242,  7.32507155888523e-41, 5.1489299390988e-244, Inf, -4.96580421956522e-47,  -Inf, -8.11490115658916e-258, -8.69573846389684e-121, 8.54359713955344e+226,  -8.56230506265655e-99, -Inf, 7.87858896350331e+298, -5.27817170609402e-147,  1.4973739914242e-143, -5.11484168501856e+97, 8.42537081400437e+300,  6.242817143179e+157, -9.28832572460608e-212, -Inf, -61.2505129831377,  -Inf, 3.88163827107431e+79, -1.97258111240075e-82, -3.73926776731768e-103,  2.20588133870574e-305, -1.46444307049941e+59, 5.78416453560811e-12,  -1.44542220653852e-168, -1.43382692943454e+305, 9.48000079046538e-189,  1.90169059274177e+208, 2.23012019812465e+237, 1.80255023797542e+228,  -1.86123359807331e+182, 1.54337316603295e-178, 1.89276187160046e+202,  -2.83462738028523e+153, -3.63552461769133e-253, -1.94829126069549e-50,  -4.2660818878567e+44, 3.53096016206816e+40, 2.07997579805216e+99,  -9.0965955586788e+148, 0))
result <- do.call(wkutils:::cpp_coords_point_translate_wkb,testlist)
str(result)