testlist <- list(cv1 = c(1.40715831505119e-267, 1522.98399725528, -6.22131314989642e-135,  -3.87398922800579e+52, -9.09197510276865e+207, NA, NaN, 2.88963485976471e+276,  -1.0388634086191e-19, -141646003315432432, 2.75198383442727e+263,  -8.11519758706786e+135, 7.22653449689593e-171, 2.00361458893013e-150,  -46396124097491504, 3.25655825036389e-108, -3.82040417435682e+225,  1.18514381224476e-287, 1.75069711425524e-75, NA, -3.94275263913432e-306,  4.94550043576838e+228, 8.48217614164765e+214, 1.9122704595926e-89,  -7.92601265472611e-54, 2.88237819513452e-98, -1.24148949344516e-178,  1.29312770979361e+274, -3.5002692671222e-12, 8.91341902684718e-235,  -7.91065612913271e-211, 2.40213020521569e+199, 1.1210758156138e+209,  9.90505731718209e+234, -1.65701151878395e-292, 4.94826338951005e+145,  -65.1761412531629, -8.98661060515628e-169, -2.42306839773061e+77,  Inf, 6.79540865067842e-09, 7.31065362845022e+26, -7.16195117524121e+267,  1.78396464876696e-158, 4.90997254463321e+89, 5.6623702596723e+166,  7.54093750367559e-38, 9.77852694124046e-16, -3.96163352580954e+49,  -1.1693983196343e+59, -3.93654268012533e+25, -4.74358708019281e+261,  7.37212602930482e+220, 6.98039321299823e+238, 7.10581277608821e+103,  -3.71915342927419e+263, 3.57420440801892e-88, 1.49978721633574e-55,  5.69902827133865e-120, -5.67229561120874e-195, -1.16982904297876e+221,  3.28883677627602e-138, 5.52913793381923e-128, -1.69442007991819e+166,  -5.33333548513127e+92, 2.46071080250157e+204, 1.23871115868089e-45,  -5.26222078180114e-13, 3.39228433696397e+153, -1.41041069478562e+220,  -Inf, -1.72920489082633e-270, -2.93969308087126e-266, -1.05510748992519e-32,  1.28696381518266e-198, 1.4845720206805e-217, -1.00468875037311e+216,  -3.17761873428433e-25, -4.58078199419167e+48, -1.94461960843242e-136,  6.10977607971642e+68, 6.41645970664847e+124, -1.21251067085957e+205,  5.76319703083459e+66, -7.46535810048392e-263, -4.49643802695759e+167,  7.06824830994907e-272, 5.42392985269768e-25, -1.19246352147161e-185,  25061125925337169920, 6.95801127669073e+299, 4.45789357369065e-286,  -2.32641022278103e+228, -1.25395913071692e+124, 6.19392737206761e-103,  3.36402415465532e-39, 0), cv2 = c(-1.67717135177814e-131, -1.96543988967614e+250,  -1.58720381926094e-290, -2.65670012132734e+165, -1.26978565315931e-116,  1.84851586661427e-75, 1.46362556700696e+162, 2.48837450346427e+118,  4.62375397339533e-83, 8.07853976580742e-244, 3.24734098305976e-96,  -1.37089154649098e+133, 7.81588550707846e+298, -2.57879884192356e-72,  -9.3456242742386e+201, 1.63669003079053e-254, -8.41495221144369e-20,  -2.05509147715078e+192, -2.76818704662875e+168, 8.86874806270894e-61,  8.49787404205127e+99, 2.27866979155519e+61, -4.191857440211e+165,  -1.62003172531343e+191, -3.28206589966622e-138, -2.90842632204384e+171,  486328837160230, 8.86874806270894e-61, -1.20754081606602e-163,  -9.56948672636284e+249, 2.30429238980385e-253, 5.25761430262844e+36,  6.80648842340615e+303, 9.71660927909615e+259, 1.20260148714689e-297,  -Inf, -1.58847171118609e+34, 2.98460427683078e-77, -Inf, 1.18491740503606e+57,  1.2590927561085e-241, -3.57620754850105e+189, -3.12062116759304e+87,  2.61314215869399e+95, -1.72881174543582e+45, 1.81450523295748e-230,  -7.63822658216778e-24, -1.14210575207269e-251, -1.22949666123308e-54,  -6.36807106625687e-88, -4.35705205837685e-224, 6.87611583041382e-76,  1.28436933285895e+186, -2.51359485216777e+154, -2.31712560795761e+185,  -7.63520686824955e-189, 5.5887616218448e+230, 2.0812597038071e-80,  NA, -2.76186478584515e-222, 1.43949347197178e-215, -6.38276603225731e-270,  4.97766965464772e+278, -1.29324571221187e+41, 0), cv3 = c(1.10157456537052e+220,  -2.67816263893368e+128, -2.27784773186733e+42, -Inf, -3.61299931783766e-134,  1.43484649030481e-217, -2.65149787153246e+21, -7.40201118794335e-295,  -7.26200880843496e-178, -2.16113229415525e+74, 6.52544984270857e-167,  1.97095563221971e-102, -2.33507092457902e-36, -3.35980489385219e+90,  -3.9130914971832e+56, 2.14370522842561e+51, -1.0118686550098e+65,  -8.05802696045297e+108, -7.46290027994884e+285, 2.00972722395077e+130,  -1.90423058078113e+179, -2.11826419742597e+186, -9.44720650945903e-82,  -1.1976565685999e+23, 2.45070812478525e-27, 5.45572839603303e+141,  9.92033996282324e+305, -48626576165091568, -3.39260003069185e+216,  1.79688344691024e-71, 4.41966547372709e+257, 3.56438960544236e+25,  -5.118256399054e+186, 4.03926856079998e+103, 5.84697213187006e-147,  5.09519483202645e-149, -9.58358246812273e-167, 9.0510104483804e-247,  -2.15459961235828e+42, -2.68414977336965e-257, -2.13631263368795e+127,  1.80869109038147e+44, -Inf, 7.74850005825102e-36, 9.36169770779851e-178,  3.36876036729988e-186, -6.17841004168056e+96, -3.89974728507878e-23,  3.36792468839761e-69, -3.966583677952e+80, -1.20537338563444e-20,  -4.27495685616082e-175, -1.11755425198836e+102, 1.04755450917649e+43,  2.28367127124157e-64, -6.41681614075493e+181, -7.47527362284592e-94,  7.24388755183392e-290, -6.20728070878756e+283, -1.77855536175949e-64,  -4.30052833782277e+140, 4.56700505077144e+111, 8.77297878400349e-238,  1.95077109089383e-161, 8.88082851539682e-148, -4.66543330882444e+64,  1.02612931877987e-181, -2.73660540662883e+104, 2.8779680246957e+283,  -3.8252308173216e+114, -7.06045173950045e-287, -2.55826848802313e-172,  2.26351110037033e-182, -2.46535451828372e+35, -8.29757681526607e-145,  -4.71773514316034e-290, 1.62905987639487e-16, 6.00398305649319e+190,  -4.52420371469249e-97, -7.01665462259872e-231, Inf, 4.02281694303581e+78,  2.23859866224484e-259, NA, -7.7913852780003e+217, 1.09031094326398e+282,  2.80422165439712e-42, 1.05167154144127e-278, -1.15591159485233e-125,  -3.06119686407489e+304, 0), heights = c(-1.01025937140854e-263,  4.33798523513117e+170, 1.27624850011954e-137, -6.01464011035799e-195,  1.45505286044762e+122, 2.77815434721152e-166, -Inf, -2.13310218823436e+131,  -8.15435355927783e-239, -2.03329943883104e-250, -1.74806041799374e+59,  -4.12399954316433e+217, -8.43839628274256e+197, 2.41360502165305e+70,  -7.77263035204738e+297, 1.19663250269835e+116, -8.46519586471247e+37,  -1.79269733996369e-294, 1.24363153324652e-296, 4.46736227175936e-221,  6.19413460611193e+239, 1.21290329322321e+66, -1.86901638188595e-290,  3.17837687471938e+53, 109741340158986, 3.21942391697225e+277,  NaN, -2.75341022843172e-206, -9.55230621914266e+157, 4.12557765571893e+174,  2.37379368014545e+156, 1.25872056272757e+194, -9.84729155207675e+59,  1.835068894139e-08, -Inf, -6.95261909962424e+267, -1.22405154926533e+34,  1.26796286002999e+139, NaN, -2.87968272608201e-19, 0), n = -1300215060L,      tmax = 1575734605L, tmin = -1336311126L, width1 = -0.00302178308898771,      width2 = 2.39919239319613e+49, width3 = 3.23972378477194e-280)
result <- do.call(metadynminer3d:::hills3d1p12,testlist)
str(result)