testlist <- list(cv1 = c(1.41544571795554e+176, -Inf, 15.2200761191682, 9.42188168097617e+270,  -3.87260078477812e+204, 1.35830483271676e-67, -1.43925892104486e-240,  -6.09794266416957e+299, 6.83524550651132e+102, 6.75951747841589e+50,  -6636227.15902689, -1.36079167703037e-14, 7.02083141742634e-273,  2.79530073827649e+94, NaN, -4.45514022318518e+139, -2.56289781983291e-200,  -5.49608876755891e+198, -7.78329902890875e-261, -3.96776495896564e-41,  -1.65788127925355e-223, -1.07968662447466e+299, 2.3095397627685e+165,  2.7464065283449e+88, -2.77660999086209e-113, -1.79623059548314e-195,  -Inf, 2.42989486798386e+200, -1.78257075409921e-117, -8.91433998776816e+222,  NaN, -1.16933182252321e+112, -3.00740142295482e-202, 7.20964644796739e-67,  -3.32935754047451e-112, -2.58107006985617e-265, 4.29883251263191e+286,  1.64633642547647e-229, 1.77831113779944e+179, 2.03639672266538e+305,  -2.70282141506281e-85, 3.25237587664123e+181, 5.58913475809243e+137,  5.40273936589882e-201, -5.20408792763316e+278, Inf, 5.58151740057469e+279,  4.69071373271298e+161, 2.53447836508921e+86, 4.28267350534927e+294,  -1.03135527481704e-72, 1.56320613008477e+175, 4.15117492223054e-134,  -7.42621577670524e-195, 1.57969650238598e-23, -1.02926653257301e+298,  -9.63818654625436e+132, -4.45813857405912e-35, 1.25050248271786e+210,  4.83434094709621e+282, -3.20684546158167e+269, -7.588019130067e+202,  3.97357310054159e+242, -1.90482541918526e-264, -2.83464853786862e-68,  -1.04636667180303e+240, 9.68281998537761e+79, -2.69203353274771e-214,  -1.14837157402026e+248, -2.26352938355164e+224, -1.38990511272826e-11,  1.42062792535988e-115, -1.29378292455879e-269, 0), cv2 = c(9522297676597.04,  -5.27277358936583e+207, -3.73789416801508e-55, -9.46160016592886e+249,  -Inf, -1.31858493753612e-247, -1.25428880288844e+94, -0.00153236221112321,  -1.41348254867228e+234, -3.6989528837787e-151, -3.16788896208012e-69,  1.69910757522787e+62, 5.63722920519535e+142, 1.33855148007865e-180,  -1290711.51167264, -2.40961189415183e+58, -2.53433222358968e+256,  1.38963749051713e-19, 2.49413495714768e+140, -2.54146729881926e-88,  3.80170619344773e+258, -1.71937599127597e-277, 1.02207312571109e+171,  -3.04639365362635e+203, -4.8374419126086e-126, 1.38886584935472e-244,  -4.42868474377324e+241, -5.18953850140393e+66, 5.31228109417992e+49,  1.19415142521827e-259, 3.59993562523921e-301, NaN, -1.91553025799332e-280,  -8.82603524889059e+98, 2.08650464376414e+159, -9.15153966098147e-253,  -1.60755170911179e+228, -5.35029425674085e+202, 6.17327510569767e+267,  1.66181863487705e+67, -3.75612022379356e+124, 1.24868702441739e-221,  -1.53954190877051e-17, 5.23783417421885e-95, 1.47595473632088e-25,  2.94446440997047e+164, -1.26846269694361e-269, 2.44051203684999e-155,  -6.58215811561687e-56, -38482.4532121935, 4.63860983496384e+210,  -1.36573397990218e-194, 1.22265148409969e-76, -4.71809897137901e+20,  -2.80844918786726e+271, 1.68746470458505e-257, -3.18983096510175e+244,  -8.35745772766197e+38, 4.02934915138466e+113, 8.8979850601668e-41,  4.3097528096832e+174, 2.20905550580458e-07, 3.95032915467433e+257,  6820471271510862848, -2.23924817231004e+53, -4.97312974237934e+148,  1.07137390729309e+24, 2.66254689047738e+208, -6.00941315280675e-29,  4.84712047620944e-213, 3.81756198587749e+57, -1.54304824037832e+65,  3.16178303024383e-18, 4.28231504521469e+205, -Inf, Inf, 5.86208307287125e-242,  2.54210141178875e-300, 3.50278890372413e+164, -1.57431193984914e+82,  4.88694202427118e+120, 486.365109125536, -1.87410069491674e-47,  1.06261656987168e-182, 1.91391462499822e-56, -2.24158510640608e-194,  NaN, 0), cv3 = c(-8.98134400770204e-35, -9.72245029419018e+275,  -2.14178165295226e+20, -7.78771664683907e+136, 9.56430173327098e-136,  Inf, 1.1509684983809e-265, 4.47445846855044e+209, -3.44074653545594e-276,  -4.0895826992304e+204, -3.43702707989902e+251, 5.69177171395955e-159,  3.03233910784594e-287, -1.01280838592708e+117, 1.10596281306094e-13,  -1.5309875888907e-129, 6.90540207491445e+71, 1.66372699194137e+301,  1.99632703962558e+37, 3.35729031806397e-47, 3.34652107550863e-144,  -4.01212455220493e-13, 4.704207141905e-282, -8.64442835277949e+116,  9.0769531486513e-98, 5.50141325259252e+240, 9.90457611747899e+186,  9.13707961394856e-134, 7.93924722878236e+164, 3.01735723142932e-119,  9.17264248081692e+52, -2.21751120877099e+46, 6.7965185501049e-269,  -1.61364329944566e+149, -2.36499914572944e-295, -3.1968534216228e-114,  3859645925266926592, 3.59640539761198e-64, 2.63634359589137e-122,  -1.27424492725633e+242, -9.76684726114346e+268, 1.27464183989555e+103,  -9.76684726114346e+268, NaN, 8.45489173935472e+45, 2.07281516902643e-119,  -2.99606599624896e+123, 9.32151217862664e+262, -5.71993841058173e-137,  -1.42824213608578e-187, 1.17474929196988e+27, 2.66605609084368e+67,  -7.31557585646242e+58, 1.31513516428801e+86, -2.3851138175861e+95,  -3.01630107346952e-23, -8.44413247578627e-170, 4.22170184112869e-101,  -2.27198835266176e-154, -1.05266803522319e-248, 1.34522104278287e-21,  2.8529185342393e+66, -3.43190413300673e+248, -3.14372267486233e-34,  -3.4138382180126e+299, 3.34937006372538e+217, 2.1846365400761e-297,  -1.65279960375204e+220, 4.26986499489673e+192, NaN, -1.23389227720494e+169,  -2.38184795709522e+131, 1.1586363471728e-241, 6.27862911550607e+40,  -1.44054422807662e-270, 1.35098906947672e-262, 1.56917963860189e+39,  -8.24805795535758e-197, 0), heights = c(-2.80805452517608e-25,  2.94887109584471e-232, -4.68056771422616e+100, 1.14344122003456e+192,  -8.30127592357254e-75, -1.42052287700098e-92, 4.38522852715609e+129,  1.6786730758033e+127, -2.31395957571296e-302, -1.06662502815464e-307,  -3074649583797.75, 5.46452305644941e-118, 6.12279320470833e+287,  1.08962211342651e-128, 1.85656261336609e-257, -3.5852053260656e+283,  -8.86560807677685e+89, -6.29167966411292e-43, -9.94841439994262e-91,  1.13195986809834e-294, -2.26575338582441e+25, -1.16343075922244e+178,  7.95509311987045e-08, -1.96238380703936e-148, 5.3930102053132e+307,  3.00992670284843e-251, 3.29716062679263e-05, 1.17090529653795e+167,  -4.6338612769728e+201, 2.24035832482012e-142, -8.61789022819556e-56,  -3.639254661522e+244, 1.03734069582364e+71, 9.25734292753023e+133,  -5.42717167768925e-145, -2.36172393813256e+240, -2.0532162080039e-60,  Inf, -2.16089687540321e-92, 1.56812656194178e+102, 1.26224329303922e+26,  3.42749825660792e+247, -4.11922561646065e-153, -308987032407.445,  4.00944400594387e+199, -4.96719946735511e+70, 1.50995331586116e+201,  5.33781762239575e+147, 4.83904329808847e-63, -2.58049850780758e+200,  2.40247216242989e+32, 2.24155338682212e+145, 8.26735392226205e-85,  4.10831535741975e+94, 5.00117825660409e+282, 7.5174771011339e-66,  -5.93635566171032e-16, 2.09305356935623e+52, -6.52539082597288e+126,  -3.45415274331444e-21, 8.26735392226205e-85, -2.31202434658848e-146,  -2.5619773943822e-124, 3.15160794203444e-122, 4.09105789782094e+203,  1.71238995582393e-59, NA, -Inf, -8.93266460465454e-56, -2.44325025647075e-58,  -3.36935927979976e-282, -5.6020684031602e-217, 5.89694344454206e+33,  -1.03922490078235e+275, 2.44309300789241e-161, -2.57878167842382e+174,  7.442660515457e+266, -2.49352483788209e+299, -1.16869719220832e+307,  -2.66223215211055e-224, -1.2887143022511e-236, -6.40162064399512e-151,  -1.91830318213521e-39, -2.55865740767276e-90, 4.87064598667192e+66,  -1.3049028181406e-245, -5.26069026147392e-223, 4.72407549985446e+258,  -1.32527752352377e+67, 2.73027614711754e+138, 518916878768.494,  -5.20921377586283e+297, 0), n = -814396978L, tmax = -1579421512L,      tmin = 213872323L, width1 = 2.34454628810207e-239, width2 = -2.84100086361708e+265,      width3 = -7.73167001933773e+155)
result <- do.call(metadynminer3d:::hills3d1p1,testlist)
str(result)