testlist <- list(nsites = 1113150034L, offset = c(-3.77149678151535e-233,  1.20918289157028e+277, -1.56479188209787e-108, NA, 3.76334012178274e-236,  5.24632479723465e+101, -9.84099188638363e+249, -2.93540948448483e+218,  5.55072082155523e+257, -31232263719691120640, 6.84437845648794e+286,  -1.18290809993022e+26, 2.22831585803023e+188, -4.28399191338565e+30,  4.24424443202293e+64, -2.26957501742155e-70, -5.24410692051097e+79,  1.33554061668854e-268, -1.40028861774407e+131, -3.68188971884656e+26,  2.84241459431023e+196, -2.81023334873579e-229, 5.83728099116727e+193,  1.90192717877596e+208, 2.62743081208629e-06, -6.95171738987389e+165,  -4.1892999569331e+123, -8.35517289140843e-38, -6.71401252415874e-58,  1.46493639089376e+301, 4.28439582164361e-232, 1.30971299875724e-264,  -7.58496377236526e-97, 4.65707572919416e-284, 4.65531233568298e-167,  Inf, NaN, -3.56566095803402e+251, 3.27278717746126e+57, 1.78165850354489e-287,  -1.7139915976676e+77, 2.03957613087506e+126, 1.19546082916564e-203,  -8.44205948659976e+26, -1.71561213605333e+79, -242009236488.658,  -1.29016974197381e+62, -1.25119644051035e-163, 8.27307542905041e+271,  3.63828683949952e-72, 6.42396917660458e+54, -8.88510270078074e+51,  2.69961979978312e+164, 2.83362926623422e+91, -5.1983282128727e-126,  -3.42506396797488e-34, 2.58748176035274e-20, -3.73837379193336e+257,  6.82244865822908e-116, -1.057929667872e-216, -1.95600559010125e-72,  -5.19581463007947e-100, NaN, 5.98179775633849e+147, 3.24363328030321e+28,  8.86965105611133e-16, -1.79021596500932e-06, -1.78554142914482e+161,  -5.99161918791967e+300, -2.18350474246013e+99, 0), poiind = c(1.95360507177285e+225,  -6.28810883022277e+185, 5.5504370967981e+251, -1.4035968316438e-180,  NaN, -3.47423334279975e+130, 8.61965232557913e-285, -1.7879559663306e-134,  -3.4703484084151e+249, 8.8095236654151e+165, -2.86802119269678e-15,  4.30890799372845e+152, -5.98033849408185e+56, -5.72175920340726e-08,  7.39156113998027e+189, 1.52565193905869e+282, 2.27111462944723e-13,  -71418595418906144, 6.67185004895524e+272, -1.04144271201417e-24,  -3.24807469536029e+217, 1.04382997162128e-162, -1.43500942241419e+59,  5.38253541414226e+31, -9.63003403509026e-292, NA, -3.21242652165057e+30,  8.32279156144437e-76, 9.29871540715193e+46, 2.28238418327082e-116,  2.80383058798126e+128, 2.60710638763701e-162, -1.67071973306949e+136,  -2.57171615451265e+101, -5.93087272883653e+221, 1.49593246013051e+187,  -3.79721543177827e+67, 3.5549335106507e-70, -4.80104469808663e+104,  NA, 2.52685286920143e+112, -3.77829534864102e+26, 70320.9444592174,  NA, -7.08951485906343e-66, -2.55650000225656e-120, -5.93082891270683e-15,  1.71484761925625e+169, 4.65765257315345e+170, 1.004304598174e+178,  -3.26652757088569e-275, -3.42822703982661e-294, -1.18952178183235e-206,  NA, -5.99871054590009e+150, 1.28463667079599e+197, 1.2650741087593e+274,  -9.59703679625286e-48, 1.03777942094584e-172, 5.65117765839237e-97,  -1.65561655216184e+84, -1.06128649280098e-72, 2.5755385197351e+224,  -1.0792128341964e-128, -1.43142961786843e+296, -2.76619767002189e+66,  2.02542627690829e-288, 3.28978494997965e-103, -2.72698577220868e+26,  0), sigma2 = 3.73068573733507e+59, theta_tune = 6.67825007745143e-307,      theta = c(1.30048990107151e-285, 2.94535430640052e+117, -Inf,      2.46300885902481e-193, NaN, Inf, -Inf, 4.95300172355792e+76,      -4.22326122984121e-09, 7.41892514358258e+82), y = c(-4.95909630047602e-17,      -5.92432289972253e-173, -1.69109024864235e-102, 1.08747540054383e+254,      1.35973156813655e-210, -3.00715126489495e+109, -9.23462891898745e+268,      5.0050704491933e+233, 3.17153846148998e-281, -7.23696978798966e+89,      2.27873283256177e-139, 6.48120749401507e-97, 2.22689175156172e-71,      1.52997093587329e+156, 1.30212553178872e-80, 2.52720117771484e-75,      -3.11703786598197e+176, -5.00614549498548e-27, Inf, 7.77221420806473e-63,      2.23666415751633e-82, 1.02046471170807e+41, 1.9424438724285e+229,      0.0592059934604866, 2.53491945116804e-197, Inf, -6.97294920873446e-180,      3.97355507118095e-178, 1.14978967582607e+287, 3.03555088788498e-31,      -3.6983890830882e-270, -2.61932413701809e+143, 8.80255885252166e+265,      -Inf, 5.857929796346e-250, -2.78192788201028e+253, -9.41572318596924e+151,      3.15003838027122e-150, 5.6508467244713e+62, 2.52748730522839e-219,      1.66135893424748, 1.50007968546771e+153, 8.6500593936866e-246,      8.4109734894635e-295, -5.60198150034194e+31, 5.66608593354076e-23,      -2.51038170128534e-81, 1.87189817847128e+172, -6.71161456636935e-161,      -2.85573932840775e+104, -132597.040030692, 8.53495468245935e-37,      -3.90511062730817e+31, 1.84867535339659e+197, 1.86902276336096e-208,      2.07128147859224e+146, 4.91346164506288e-170, 1.34813856526093e-163,      -5.6594468034565e+48, 1.97322800971188e+289, -2.13627463116877e+24,      2.85340048137778e-154, 2.56861212234722e+235, -8.4837647641411e-277,      -1.36990568863055e-197, -2.94769022384358e-179, 7.0553732672115e+281,      -1.70765123451542e+205, -2.97948741823089e+141, 2.27761334956841e-31,      -15937581671.5241, 2.12164564228783e-11, 3.65637369495835e-287,      -3.3813416863707e+302, -3.06301184610451e+145, -2.4121358520236e-287,      -1.39172803480869e+22, -7.97479385761723e+87, -9.88443159440067e-104,      -5.21138187512525e+202, 6.36382746256721e+130, 6.11928201931885e+218,      4.66220659758853e-123, 8.22550583193569e+88, 2.68759836780498e-20,      NA, -1.70349766959889e-218, -3.44386215059773e+127, -2.74515618265491e+160,      -6.59490685962118e+74, 2.07373963934544e+268, 1.71455004992103e+156,      -5.57275178941288e-132, -8.94685883998579e+36, -6.56131277887262e-249,      0))
result <- do.call(CARBayes:::zipindepupdateMALA,testlist)
str(result)