testlist <- list(df = c(-7.6704265742279e-137, 3.85095740903294, -7.68732778557449e-231,  -2.03051315689309e-132, -4.84085870281293e-11, 1.11896926044925e-268,  2.42861844938241e-281, -1.65822246696361e+155, -2.02375187327147e+307,  2.50804736418851e+98, -7.60959031712683e-29, 2.47899128610227e-220,  -2.19612092612331e+131, -1.12266983577325e+160, -4.87080403645765e+271,  1.35411138446989e+286, 3.24607952104905e-09, -1.11442185028482e+167,  -1.99384283044794e+200, -3.47856484071698e+110, -5.98466552629866e-201,  -5.99848966038001e-292, 1.01317473752804e-38, -4.17257361347223e-130,  5.1541201332882e-48, -1.43267982509842e+182, -3.86236782821251e+208,  1.63444238398552e+249, NaN, 6.0758742249209e+278, 1.21909858841549e-37,  2.84482035340263e-210, 3.91369505328882e-260, 1.85332111081507e+263,  -1.82451881700594e+76, 1.0678302306158e+74, -6.27023098325004e+140,  -4.31408674767131e-280, -3.34821137333571e-189, 2.45153065441569e+222,  1.34628039092297e+265, 4.02504830072289e+237, 1.49554095145771e-283,  -1.83235719993529e-120, 1.30163915435831e-70, -3.83172008008428e-115,  -8.26226076316262e-79, -2.08582191144789e-08, -1.54666838146749e+234,  NA, Inf, -9129445.0961109, -2.69832396074928e-172, 2.87896106576458e+87,  1.85332111081507e+263, -4.87900864459107e+55, 8.22369086387175e+292,  2.30182092638598e+292, -1.1405343956865e+260, 1.39604212093323e-127,  -1.18375554431431e-45, -9.27260956823734e+150, 4.83580924891131e+129,  0), lmd = c(-11225.9994034922, NA, -2.84795467229597e+123, -Inf,  3.58521387114943e+111, NaN, 7.05216902158996e-160, -5.67359596330293e-184,  -2.26359154473305e+59, 2.64076265998091e+146, -Inf, 0), phi = c(8.72044622279586e-184,  -3.24344835939076e-178, -3.07674167559259e+190, 2.71763905378596e+45,  1.53553546518135e-128, 1.28643074101332e-137, -4.52656927443632e+130,  2.85627451489228e-304, -1.01728068492421e+279, 1.29366429056131e-273,  -1.69412267080866e+103, 6.21205493607324e-46, 2.23494071771814e+232,  -6.45536069182252e-194, 4.73109944530845e+232, -1.97771794577452e-39,  -8.22976819884638e-277, -981348.793212418, 3.36035607703324e+56,  -8.12261811435526e-213, 5.05484672355972e-267, -6.51381506855174e-100,  8.09875363748663e-289, -5.77080227331717e-92, 1.81245922638735e-126,  1.30827430436789e+81, 5.95584366238111e+262, -7.2386636633304e-92,  1.87990539837659e-280, 7.29564211203627e-28, 4.56076941812069e-235,  Inf, NA, -2.10144686975735e-128, 2.55547562855025e-37, -7.74950640109585e-264,  -8.07715191393568e+197, -3.40977953168213e-229, -5.73611853309694e-192,  1.21214926083866e+186, -1.90258264882571e-272, -5.14569622020178e+120,  -1.1195397464064e+184, -9.04625885400886e-25, -9.24649558732233e-266,  5.57084477553342e-287, -5.74310538942149e-156, -6352394472104.34,  129013101858.928, -2.04019485525021e+277, 4.54168339418733e-112,  -8.01925301841642e-44, 4.356485142775e+277, -1.82843887144374e-101,  2.2624004692218e+142, -4.4610665576746e-104, 4.53538126593335e+218,  2.33372278708599e+80, -4.5342798632801e+110, -8.45823401960293e+40,  5.22385419309826e-280, 1.13820784529417e-80, -24302276590.7442,  -4.08485102716914e-34, -2.19184955142015e+127, 4.52108520244767e-286,  3.38406745076353e-77, -6.64471679773766e+238, -1.71378499720851e-248,  -1.86993371082494e+24, -3.35181973962076e-162, 4.59815630149506e+20,  -Inf, 4.30371392672073e-125, 3.28640135194038e-272, -1.23437168298769e-192,  1.73756305197266e-99, 5.91433265306928e-199, -1.15999708411882e-288,  5.75194163859642e-289, 1.21193933662211e+135, -8.22976819884638e-277,  2.50378792706897e+69, -8.5282033168873e-296, 0))
result <- do.call(dng:::splitt_skewness,testlist)
str(result)