testlist <- list(dist = -606190515L, dist2ind = c(-846126705L, -679525791L,  1989923686L, 96271072L, -1707200817L, 1356426364L, -1411382988L,  -393868875L, 388646126L, -1450815713L, 572687655L, -562034567L,  -1103738866L, 263555771L, -1785925762L, 318255914L, 578296012L,  -26678496L, -1972287383L, -246357329L, -2044019051L, -548908939L,  -734006297L, 925241690L, -1641470307L, -2012707371L, -2113567373L,  1432822747L, -1847496335L, 700573438L, 31057208L, -617826L, 532167601L,  -889664180L, -28131245L, -1176293558L, -996099091L, 1638001506L,  2060491642L, -970123034L, -430729296L, 1264909385L, -1229152913L,  -2012707371L, 1819627981L, 373043345L, 231410643L, -131876386L,  1984990913L), freq = 6.92592260335275e+242, jitter = -3.09436203035432e-146,      seed = -261428844L, value = 890350493L, x = c(8.00735172275178e-283,      1.56823870541565e+272, 4.23834530534074e-45, -6.29516302914013e+236,      -4.80144463321023e-244, 8.30916170279945e+141, -1.63690186375515e+254,      Inf, -2.98828348989866e-79, -1.3650454870631e+229, 8.74614645144304e-164,      1.32571500829118e+214, -2.42856424849009e-232, -1.74231204952788e+216,      -1.11706336160591e+125, -1.64800855664361e+89, 4.57338465271561e-66,      -3.62998450138767e-156, 6.81440951216284e-08, -1.25189099305373e+171,      -1.17209518823547e-260, 6.22260647390806e-111, 5.1690770728631e+133,      3.99137866033313e+170, 14360475898886.9, NA, 47.267789475651,      NA, 4.52686995850193e-128, 2.02230374266325e-175, -1.16094051356504e+112,      1.19419033619221e-169, 1035068242.69976, 1.41942166334718e+169,      -3.28593563932228e+278, 2.20719878177266e+229, -4.43312578735917e+28,      7.95454750382061e-212, 1.07580495468335e+223, 2.3959077393334e+57,      -6.55875359794377e+124, 1.38110465301883e-50, -1.81773544589942e+306,      4.02663094408752e-125, -9.24996111697832e+230, 7.86377848666005e-19,      -5.60326403638148e-232, -1.01139903418573e+35, 1.04426170307327e-167,      4.27133873161555e+60, -9.40898773804075e+196, 2.58530530990883e-78,      -3.55729662697517e-298, 1.57975798578256e+224, 2.03812861187917e+71,      NA, NA, -8.74387405437498e+230, -1.81645354512286e+115, 1.4031352141764e-36,      -5.19541061842899e-197, 1.89432689219671e+271, -4.62313973819824e-27,      1.77491276218987e+307, -2.65584139108241e-41, 0), y = c(-5.63563899101807e+63,      -1.17448299925933e-111, 1.58067563727661e-82, -1.94788072186104e-136,      3.84129895488658e+260, 1.92982126966783e+20, 1.6319391590851e+41,      -3.4557300333584e-70, 2.1903586900011e-98, -1.20118743189566e-08,      -6.09734008312621e+166, 6.43171871145595e+184, -5.77974345394083e+154,      6.82644084492896e+256, -4.51498710023245e+157, 2.12656895858411e+46,      2.39167966550879e+63, -5.58254906436215e-97, -Inf, 6.47792137486694e+238,      NA, 1.33772617129096e-286, -6.31281516265815e-86, -1.48240519575277e-275,      3.45970851239907e-294, -7.53582358570266e+124, -8.5040070166681e-259,      -1.52397216810073e+76, -4.94444317967468e-185, -3.19642544891831e-169,      -1.10405491701067e-07, -2.39559382019571e-80, 1.12429255482701e+296,      -2.1561934543533e-225, 6.17205139861697e-178, 1518226668305.78,      8.18050487835446e+173, -1.39710330863521e-231, 9.87937871210966e-303,      1.44649944878186e+175, 7.94591298013893e-168, -3.03464702943287e-38,      -3.76341593694932e-161, -1.48126445098759e-66, Inf, 1.34765029456136e+257,      -1.38589960917626e+69, NA, -8.96024447836791e+135, -7.11468166465528e+261,      5.70606699737116e-79, 8.02016246407315e+250, -6.37745271356399e-270,      5.58194275399807e+300, -1.97840126451101e+40, 0))
result <- do.call(ambient:::gen_worley2d_c,testlist)
str(result)