testlist <- list(Dmat = structure(c(1.82445995228009e+47, 9.88758518668486e-161,  1.34390769317107e+134, 7.49096095463303e-176, 8.33114211302921e+294,  9.58915605033254e+173, 2.39213343057163e+30, 2.88084016841147e-198,  2.3324235958805e-75, 6.65469300722563e-12, 2.85147456330919e+210,  1.92987659067693e+282, 1.45076648853913e+170, 9.70450131364137e-274,  1.0592070794872e-149, 2.73353266382782e+75, 3.41406690066764e+273,  3.72962456031714e-302, 4.05506687847687e-227, 5.8600444006996e+132,  4.2745950495384e+48, 3.06670510875083e-179, 1.86577920857748e+170,  5.79995290011678e+247, 9.00579905418279e+52, 71304071.1150311,  1.42866272246629e-91, 2.24064631265153e-175, 3.82319021983156e-166,  5.39752844719629e-31, 1.38938569876057e-261, 1.60235292753086e-91,  1.14785360064794e+163, 5.62938202560109e-70, 2.96607522109393e-203,  1.12308635882776e-227, 2.08590365182191e-233, 4.056645859791e+234,  1.18440599777734e+281, 3.59702619289504e+152, 1.94130718480649e+28,  3.22661515865232e-105, 1.10438931020382e+204, 1.03204507387057e+212,  7.75127848054331e+213, 6.93639588434514e-205, 3.02968197932983e+269,  6.12119741779223e-210, 5.24665168793935e-36, 4.39754257752434e-54,  3.87067290896859e-196, 2.90793507565312e+84, 9.59306412031965e-14,  4.24816555625996e+242, 2.05823361979963e-220, 5.25413312805629e-20,  1.68216808857508e+237, 4.59113429105588e-178, 1.78045866748648e-81,  7.2011289728469e-239, 7.05997401633776e+148, 1.26974340695624e+263,  2.96508960660995e-218, 9.09580832548577e-223, 2.58540902195128e-184,  1.09418896317952e-229, 9.648450189426e+34, 1.18043714730846e-220,  3.35191220776687e-36, 2.36468990483547e-182), .Dim = c(7L, 10L )), parm = c(-5.22667718996827e-195, -4.5441622167618e+223, 7.81499060603496e+241,  4.57537836072163e-163, 4.36588509073198e-214, 1.96335071093498e-274,  6.6651574631921e-81, 2.92249661808194e+194, -3.59548796614043e+250,  Inf, -2.08923758550156e-57, -6.59307316287354e-66, 6.080384935169e+72,  1.66711741900241e+50, -3.296417656686e+260, NA, -Inf, 5.65668213451256e-131,  -Inf, 1.30741636153925e+166, -1.96525342700318e-156, -27146447378006872,  -Inf, -1.4532887566951e-217, 414938.869848014, -2.18649628145349e-54,  8.25032380292407e+113, -1.82612986256309e-290, 5.06165149464448e+264,  -1.09395086204737e+27, 1.50706977769153e-67, -2.64844105760393e+212,  0), x = c(2.3495758821556e-293, 0.0251692265672292, 1.02388845462301e+247,  1.8532979507301e+294, -1.30992307040344e-256, NA, -2.81026394574328e+219,  8.21182187698557e-150, 5.26711995419711e+182, -2.18110330538297e+141,  6.13535085670406e+94, 4.3241573862668e+246, 7.46855675172958e-43,  -2.38568831549131e-96, 4.37091515206107e-302, 2.02796112133546e-283,  -3.57120144895845e+232, 5.97807223025895e-304, -154413008.520189,  1.88313653141332e-291, -7.8211558302084e-196, 2.43748099668057e-254,  1.20281818688297e+69, 6.07905854834725e-181, -2.4446850817541e-213,  -2.18393271129759e+23, -1.61871228287759e-41, -3.02926855150656e-239,  -2.66845551272668e-209, 1.82298894698962e-267, -9.20889743139255e+38,  -2.09628640678369e+35, -7.71378102763421e+56, -1.1448417625522e-50,  2.56069600537352e+150, -1.67117480661824e-149, 8.52454179723528e+27,  3.55082756159619e+214, 2.61477524825533e-251, -1.95803404480743e-45,  -3.2922787527338e-184, 3.26419962274564e-142, 1.35824226247083e-34,  -7.60590248830309e+65, 8.08619736208675e+105, 3.83290582420668e+279,  -7.48297771312236e+28, 3.83414488026219e+177, 2.67500909447074e-41,  2.14064591766318e+176, -7.27633626111242e-267, 3.25682887576492e-103,  -6.8300972039261e+236, -5.20446800903457e+203, -2.53663051582675e-231,  1.83301565762886e+244, -1.04009611998381e-97, -2.05229205707029e+71,  -1.01318708747971e+217, 5.68011096076676e-148, -5.16563541241968e-17,  -1.20950347645137e+134, NaN, 8.32857955250784e+127, -1.94042206145476e+122,  3.84806294569812e-258, 5.29558359329276e-161, 37338781251608.2,  -4.03194081363817e-171, -8.28574244698247e-139, 4.48453040128846e-132,  NaN, -3.47423426072324e-156, 5.10203141746239e-141, -1.25634820567071e-185,  NaN, -8.16916218804371e-265, 3.54894044916036e+178, 1.19942341148823e+298,  1.94160455654028e-152, -1.58446531289718e-50, 0))
result <- do.call(icRSF:::splitpt,testlist)
str(result)