testlist <- list(cv1 = c(6.66340319670199e+187, 1.14498026294305e-176, -2.90569833511868e-239,  1.22100882356897e+230, 1.87366938860408e+157, 4.16849208158275e+180,  -1.73526854570565e-245, 8.13201217460416e-122, -1.52485268164488e+266,  1.06337525026949e+215, -7.84923789065107e+289, 8.60659473931717e-49,  NaN, -1.69639280335484e+166, 2.64509961588974e+225, 3.93794986280466e-288,  -7.40232282355001e-182, 4.37721295029427e+291, 2.89326253904766e+190,  -Inf, -6.6536011891412e-260, 4.51066636659767e+94, -2.87115655281153e+113,  -1.34262783043673e-97, -3937402276619743744, 4.24538116056663e-163,  -Inf, 1.19818708946613e+82, -7.70579226499377e-236, -5.48903566830458e-68,  -7.47628991936292e-291, -1.01437943328809e-268, -3.52541437683317e-294,  3.34525911075546e+193, 1.5711932820762e-116, 7.4662217089276e+259,  -8.89883421998086e+38, 6.48371388772155e-49, -7.85921076164017e+71,  2.07352553503799e-200, 1.63037807782527e+108, 0), cv2 = c(2.04328909782567e+115,  -3.25318976490382e+228, 59363947.6594576, -1.04612760735192e-236,  5.3080876798844e-151, -3.18564301800909e-20, 5.56519493574822e+68,  1.14830369201192e-229, -2.38489628139144e-136, 5.74134297677377e+167,  -3.95176401655787e-191, -2.74941205667037e-76, -6.60382497911925e+211,  -4.75203249319894e-180, -6.79726593633175e+205, 1.30300636204758e-185,  NA, 2.30705960813438e-191, -1.97952590899216e+293, 8.5140778791544e+86,  2.8815152335659e+200, -2.869565332376e+94, 2.87180641331173e+297,  1.17624653984928e-62, 1.62451226334698e+153, -4.7346539165913e+291,  1.58278652935408e+44, -1.06920748600429e+195, -3.095345318743e-47,  -1.30850062018072e-265, -7.10633571448444e+246, -1.94494789979084e+68,  8.75374304591632e-147, -2.38086732274515e+270, 1.80676550982951e-21,  -8.49463663907471e-114, 6.82983171278715e-36, 1.21095081189735e+188,  5.2150006862988e-40, 4.05840531806288e+188, -1.60773915511793e+245,  2.84783525110255e+286, 2.48491179120627e+120, -1.66362595167777e-196,  -1.0455214405586e+305, -4.58752599943872e+248, -16565000.7395734,  -3.84327501647627e-178, 2.43619145695672e-285, 2.11790135442303e-142,  2.35028565032241e-109, 9.76180943959958e-258, 1.44729455305675e-200,  7.15346800272247e+240, -7.78975717968416e-57, -4.46336535385129e+21,  -3.48111243209811e-176, -1.93735533016402e-102, -8.66040893016095e+43,  -3.02299329965343e-46, 1.16220479815636e+292, -3.62394061235726e+148,  -7.60025701264143e-137, 2.92448738771673e+167, 4053231.64339692,  1.26187368293161e+179, -2.05957528123408e-135, -2.97534153842798e-103,  -6.95470576815114e+100, 3.11994074992037e-216, 3.42462898723126e-30,  -4.6128960597976e+214, -0.4908926594471, -2.88499510108871e-43,  -9.19569513564841e-247, -2.06459873622347e-203, 6.07127168050706e+252,  Inf, 2.99869182077701e-176, -3.1607205181457e-117, 2.37187228740811e+94,  -1.334120612366e-114, -1.77334625715229e+181, -4.06251599099738e-08,  5.37134955055132e-119, 1.51748175498585e-156, 0.106052806270947,  -1.39990959806136e+53, 1.0197308770482e+259, -6.04768641127732e-28,  -203817268.78293, Inf, 3.74962227019059e-177, -1.62377513108465e+36,  9.69245793091149e+188, -1.31047054118358e+90, 2.16306515140765e+128,  -1.03258198766092e+44, NaN, 0), cv3 = c(4.18150246588547e-237,  -8.89964192237235e+264, -1.33944194174684e+251, 8.59434005940125e-282,  -1.09189930664533e-298, -1.15421143722953e-307, 1.18847659144991e+267,  3.1382590061038e-80, 6.24774995900285e+76, -7.05937266424518e-161,  -1.16012023956665e+194, -3.32169574869485e-144, 9.58046542663639e-309,  8.12565301464541e-12, NA, -7.35907891339843e+228, -9.65280328137379e+213,  6.86323553991916e+95, -5.66236180592692e-84, -2.80246094254417e+123,  6.68188700543806e+258, 4.50348390558099e+188, 7.27029200743625e+199,  5.93250469026731e+32, 2.17370381370067e+137, 8.27984685477629e-218,  9.30117208126881e+68, -6.38185615564254e-129, -2.80246094254417e+123,  -5.41912219454815e-140, 64455335.9354653, 1.54774128878687e-198,  1.74784168123807e-114, 5.16702967207785e-295, 5.69566407609198e+184,  1.30197141630207e-98, 3.3133860245696e+167, -Inf, -1.71685943782306e-28,  0), heights = c(-Inf, -2.94394548658278e+84, -3.67824687659433e-187,  1.17593699112719e+106, 2.72771981586345e+75, 1.30372354530918e-155,  1.24289860850715e-131, Inf, 1.76333611203105e+269, NA, 2.95729991961379e-108,  7.4599608556401e+113, -2.74989297307066e-82, 7.59466959491639e-119,  -4.07917071634975e+63, -8.7082906005695e+301, -4.72513257520466e-169,  -1.73147686553015e+230, -6.55851862448868e-47, -2.52745268655324e+148,  -13922441060378798080, -1.31193174087624e-199, 1.45850816124437e-136,  1.91379176934304e+276, 1.50694305536862e+41, 1.40823749833494e+125,  4.42892609860032e-305, 4.50697028218989e-79, -2.76371581355214e+111,  -1.9960329450958e+89, -3.12261912975928e+27, -2.28561239171498e+271,  -1.48177281312747e+34, 6.88103581124183e-225, Inf, -1.17449687342167e-206,  0), n = -775288634L, tmax = 1632061634L, tmin = 1750791129L,      width1 = 2.44959253388995e-88, width2 = 8.09611803835106e-105,      width3 = -2.18326787301955e-10)
result <- do.call(metadynminer3d:::hills3d1p2,testlist)
str(result)