testlist <- list(hk = structure(c(5.26469206021037e-259, 2.36751570796521e+84,  4.36355390610692e-158, 9.44066562523514e-128, 7.91497609201597e-229,  6.24907748638477e+68, 4.35730825062176e-266, 8.20776804274475e+172,  3.44537453019238e+207, 1.09553257949338e+179, 1.97897532091248e-76,  2.74592696460806e+169, 2.66144127547838e-137, 4.33525091497538e-117,  1.12488598446042e-263, 2.93465925812207e+85, 1.17806428203698e+278,  2.32142727705168e-301, 1.4004263588346e+114, 4.2609511069351e+252,  3.62332473888856e-208, 1.02485988493239e-166, 1.78811383306185e-21,  3.11314098670024e+104, 3.7019578222399e-236, 1.82717154095493e-96,  1.53917671606407e+95, 1.02682090107894e+204, 9.11195379067683e-197,  5.98410165213925e-74, 6.28324438419391e-43, 2.19751321661139e-85,  3.27176052993625e+111, 2.24779471787023e+283, 2.54553348525055e+244,  1.55204771950853e+108, 1.19656845468362e+27, 8.89832609231982e+277,  1.26481491484288e+61, 1.61613530528024e-254, 3.39618006630591e+88,  9.07316551164883e+231, 3.62525343462745e-50, 4.60136790534167e-10,  1.3260004675631e-76, 3.80899077100944e-276, 1.64644589826049e+51,  3.19749899535366e-220, 9.11379265550714e+181, 3.14565339803271e-205,  2.63159466850789e+297, 5.05093939777486e+231, 3.60855264253115e+83,  1.09489876296821e-245, 1.90900777988359e-115, 7.48081486628143e-191,  1.78282579543663e-121, 2.05612013376246e+142, 2.23452478575462e+77,  2.14043801439425e-292, 2.34184120320032e+203, 1.21156904036977e+42,  1.25685425358015e-205, 27.6726788270773, 1.87889297062459e-92,  2.15726519586553e+27, 1.31376311445856e-47, 1.47754889723807e+211,  1.19945322802541e+121, 3.78944454942023e+177), .Dim = c(10L,  7L)), mk = structure(c(1.51908138843022e-48, 1.84510548100832e-282,  2.29406542245043e+82, 5923380320616720384, 5.76036081057215e-115,  1.95760187515384e-87, 4.00528715666552e+166, 1.51160787802087e+40,  7.13893924180462e+179, 8.09343475322459e-262, 2.3760762023668e+113,  4.70866970047762e+59, 1.23187608505527e-184, 7.57411324757978e-258,  2.38569407927282e+88, 3.73065190811293e-151, 1.20293603749916e-284,  1.14462923740054e-10, 4.74878587104111e+83, 5.97344163915563e+245,  7.39485820563256e-197, 914428289.855391, 1.28590534352493e+163,  8.69673968469764e-265, 1.86629891758639e-17, 4.69773222961856e+219,  1.77473948847964e-211, 3.6302117030828e-268, 2.01471692378119e-234,  5.41420025027632e+52, 4.90214380335606e-277, 5.34728209220409e+272,  2.11164669435392e+94, 7.85167928636614e-132, 3.14720972251103e+240,  5.69474921392539e+126, 4.86455727403232e+286, 3.60556911163985e-182,  2.18882252737579e+20, 2.01130445379783e+181, 7.61639302735549e+30,  4.0642450895683e-124, 8.14698760888245e-196, 1.59329972771054e+218,  4.90870402364098e+129, 2.6151183565893e+262, 3.41791240530324e-99,  3.28478283800522e-297, 3.04414516572223e-158, 4.77001723280202e+168,  0.00082038693862878, 2.0867857572334e+273, 1.29731744707965e+125,  1.93754167965396e-63, 6.81346191729791e-292, 0.000322138142809016,  1.33032933483889e+95, 8.5005901544443e-113, 6.25274702156925e+79,  2.98545487488229e-124, 1.73764552711358e+131, 4.55445786577768e-108,  2.26417817483321e+189), .Dim = c(9L, 7L)), n_steps = 1662427186L,      nc = -1324297150L, nr = -372098435L, start = 430794272L)
result <- do.call(amt:::cpp_simulate_ssf,testlist)
str(result)