testlist <- list(max = c(-5.55192699590897e-255, 3.45773156426361e+28, -3.58274823918666e+74,  -1.19851685244765e+100, 4.44766335295629e+201, -2.59752329916732e+105,  7.85577426790639e-94, -4.00590039910217e-176, -5.31311798804295e-170,  8.33118483201453e-162, 1.7839639835643e-146, 9.88374214824985e+256,  -3.94684466006445e-290, -3.22707699931766e-222, -2.4791299999187e-291,  NaN, 8.7049909351145e-179, -0.000174546100393043, -1.35759999622565e+244,  -1.24218221962854e+224, 6.17339987267539e+124, 1.5174413062817e+164,  3.15687485516316e+20, 3.53464105985817e+251, 5.47059696888019e+144,  3.54092492379526e+52, 1.73386009343191e+160, -3.67333224654323e+284,  3.41940589229252e-248, -5.52009969315172e-11, 5.57441063254198e+291,  3.54892213743264e-85, 3.17034630159617e-142, 4.47620973701667e-204,  -4.67984980250161e-225, -4.49381991719575e-25, 4.68758270036872e+63,  3.20982245248963e-249, 9.83814809282961e-202, -2.5317015929186e+269,  -0.00282425639292982, 1.20503820325647e-278, 7.64741875538917e-168,  -2.23695389120013e-161, -2.37703160827311e-150, 5.98559094287634e-186,  6.5534860471973e-257, 1.35690024171696e+139, 1.42446005336866e+256,  6.26050849107885e-99, -2.10833348307133e+46, 2.77252530505601e-24,  1.09564599151156e-166, 1.10090189109545e+48, -5.23284376191521e+62,  1.07235063730643e-172, -5.36155721595659e-241, -4.16598776504646e-188,  -4.60064305192434e-15, 4.26515700170673e-306, 2.80869999668055e-23,  -1.58675495543264e-116, 4.3329261324872e-252, 7.21288413548402e+111,  -7.79452759395973e-130, -4.63093572144991e+232, 7.92124482162786e-290,  1.9882988974573e-294, 1.21714544394665e-163, 8.06965606118179e+140,  1.80100469369559e-285, -5.73679304031554e-54, -8.34724391602645e+269,  -1.04860086697911e-180, 1.72775066096461e+238, 2.79286267650451e-81,  -1.09862031835698e+293, -1.24974519108017e+231, -1.46432611618861e-05,  8.81842474122409e+209, 5.02956968381519e+26, -1.58703738554017e+281,  2.36347381223449e-226, -2.41883545635726e-147, -6.18554623835429e-47,  5.59047903033484e-55, 2.35809583752782e-99, 8.61400123699378e+35,  3.54227177596514e+163, 8.62622354329743e+246, 4.86356356930735e+118,  5.37518625364377e-298), min = c(2.90449856437688e-123, -1.57858384602129e-162,  4.37957011676717e+203, -1.45733645291922e+46, 9.51026490208293e+82,  -1.05502431887227e+142, -2.71742296653187e-37, -9.10216701458033e+104,  1.57216143843613e+25, -1.62061185586629e-235, 3.33914734871815e-44,  1.22056335625578e+245, 3.42196950435674e+283, -1.92169842038376e-271,  -3.22823657417796e-17, -2.9412490891621e-53, -3.55924897200419e-13,  4.75789439479347e-35, -4.8105775048464e-272, 6.06598663150603e-232,  4.2608487329163e-145, 1.61402192614486e+81, 1.95264855143311e-287,  9.68489190160437e-198, -7.7909573366696e-84, 3.83135956615186e-227,  1.18308586487834e-295), mode = c(1.10467186201749e-84, 1.0679353012674e-156,  -1.82354468768694e+154, NaN, -2.00322139736872e-182, -3.38272884657876e-279,  6.36949778997147e+265, NA, -3.72968092456575e+51, NA, 3.56439333538214e-208,  7.2443384269065e+164, 3.12245104685718e-205, 5.09440055534043e+232,  1.51631167870891e+271, 3.17898314895096e+289, 2.01416904329752e+144,  -170618925900111104, -3.31470282078386e-12, -4.31473294506468e-232,  -2.06845503179499e-160, -1.2359921119625e+30, -4.31242528596616e+271,  4.17627629264824e-241, 2.84386339960675e+264, 3.21033548332307e-174,  8.06553958168843e-233, -100566.557012684, NaN, -1.95103172748983e-248,  -5.01425078370518e+286, 1.83589374421904e+286, 0), t = c(4.79212291154048e-250,  9.60637084360072e+283, NA, 7.5237852778943e-133, -2.04487411959785e-51,  10.9345067732263, 4.13144201556705e+182, -8.40393096897214e-124,  -1.71931330848151e-91, -3.98832297126172e+298, -1.72121110193461e+187,  Inf, -3.17527792159287e+212, 2.46667859116869e-86, 2.28393946356129e-55,  2.59435238785996e+241, -7.22582527675169e-217, 1.19332100706673e+132,  -7.27981286484918e+99, 4.54275966796705e-241, 2.40253181968106e-278,  -3.60970586076332e+55, 5.50503779583268e+287, 9.25655737728814e+260,  1.04605174696511e+288, -4.4694629616439e+285, -3.80852836383004e+121,  4.03822529379671e+81, 2.24933085208246e-239, -5.29460184341088e-202,  -2.95649015643718e+65, -7.30542942853672e+59, -1.54533096332541e+76,  6.63715323843657e+22, 2.38120591739431e-167, -3.30714814111543e+68,  1.49612666398753e-304, 5.92763247244698e-300, 7.38635892888145e-168,  -1.50355849130314e+120, 7.79189537043807e-90, -7.86497255493703e+286,  4.51759444758205e+123, 1.34691502274029e-60, -1.87211214018436e-60,  3.63993254633641e-237, 5.72006140659017e-299, 2.88948288135357e+251,  1.63927996117561e+214, 8.41436942146831e-249, 3.0866943068786e+146,  6.64200953013091e-211, 8.02333399776015e-162, -9.81121896337603e+249,  1.65858972486813e+214, 6.44985967557696e+171, 2.53752375086282e+224,  -5.20507372462404e+113, NaN, 1.50712886437367e-55, -5.28210217420807e-140,  -3.03975601780025e+168, 2.9051375558049e-216, 5.47527408382013e+116,  1.48608521537159e-263, -3.46513552921348e+276, -26787953951748456448,  -Inf, 5.07008292913763e+306, -2.65910972012679e-237, 4.75701027696458e+290,  -1.30987643422211e-205, 6128448941123941, -5.00992105764816e+172,  141.55125637396, 1.60464191672871e+160, -6.43816105057669e-168,  1.23487065227391e-251, -1.86166436697181e-136, 1.39483564155368e-252,  3.64565681897759e+301, -6.40193026482825e+177, 5.52539270460206e+159,  0))
result <- do.call(triangulr:::MGTriC2,testlist)
str(result)