testlist <- list(dcm = c(3.02491122119313e-89, -8.53245671000056e-180, 4.19551111630466e-128,  6.77201455025768e+248, 8.81399559876302e+263, 9.87774698963253e+113,  -1.58908543303091e-293, -2.15359056949761e-270, 3.15577731842399e+256,  -1.9422797429364e+67, -3.70403439391298e+53, -2.91929444046638e+224,  3.83942265462398e+26, 5.197527512681e-46, NA, 7.67748857412533e+179,  -1.14105505284995e-19, 3.44236733246414e-280, -4.22183403169527e+244,  -7.67177895174744e+122, 8.44113271129679e+197, -8.75075048245081e+62,  5.87404077213094e+289, 2.32614401830479e+257, -3.10917945518933e+245,  -1.75558634359153e-130, 1.32631858458737e-293, 2.11917628152253e+254,  -3.18488035302394e-302, -5.5626804881541e-147, -2.09938246207904e-83,  1.11533403994306e-235, -4.99386603221345e+33, -2.37167260311505e-97,  -1.64515527531221e-199, 2.30763885179925e+307, 6.17724437717778e-298,  -6.57437016908534e-60, -6.06431923442781e-13, -8.46985068460083e-151,  -2.91063126980463e-220, 1.10297883418892e-289, -4.16562439390053e+208,  1.24706543323766e-16, 5.97475980117777e-93, -1.13115730341881e+45,  1.31104569455299e-39, -7.20178705941467e-76, 2.21233144745296e+148,  3.16895127153672e+300, 3.50072303933361e+200, 2.25248912384439e-72,  -4.47356123827187e-121, Inf, -1.76628852263013e-35, -3.94713120928016e+58,  -2.1965023540104e+262, 4.7288734279805e-39, -5.64870281878016e-155,  -Inf, -2.04773751165986e+206, 8.7918826823186e+232, -2.07739708597004e-293,  -1.21768086070973e+53, 1.6220891249467e+154, -5.12548287900163e+54,  -4.49987147459404e+299, -4.65594870671073e-259, 2.40736400185794e+281,  4.74775080490577e-139, 4.06149112404186e-10, -9.58392698580993e+183,  7.09760429447557e-243, 3.71460710859626e-146, -2.46140034451908e-301,  1.32722478769243, 1.05455266323309e-172, -3.72467164546093e-165,  -2.98849466449077e+33, 5.58521816265219e-110, -3.34314627801947e+100,  -1.46678474255016e+223, 0), oldknots = c(-5.29312728955898e+43,  -33263430867429580800, -3.05507319082692e+33, -4.37224343110331e-225,  -1.69406362365958e-159, -4.27715397024739e+36, -3.06552152387363e+259,  -3.44080234974442e+158, 5.02472168421012e+43, 1.82155965286533e+284,  1051179955.03098, -3.170147152234e+80, -1.69788344738532e+187,  -2.79057376144055e+43, -1.69696583688757e+174, 1.34525126463585e-210,  -146105309.80188, -9.08416569986306e-51, -1.1246179979563e-210,  2.54608929441408e+79, -2.67147703929914e-31, -2.38678750083846e-107,  5.85344205774591e+93, 4.44295214243675e-236, 1.08988487781574e-114,  -7.60412411003151e+293, -6.43964833071891e+268, -1.38805643395312e-179,  2.85627352262496e+240, -6.37758643249017e-232, -7.89451543148881e-91,  -7.16150148805283e-115, -4.18251686983284e+267, -3.5228868601809e-106,  -8.7357621471949e+169, -0.00750908567747668, 2.6301026742863e+168,  2244562214401122, 2.07067827446572e+46, -5.55939403129815e+256,  -3.15956292627154e+168, -4.32156461259181e-200, 2.91643642021404e-294,  4.8419934509205e-55, -3.8133214296865e+231, 1.24142134418122e+95,  -5.06135579337579e-186, 1.98312739489184e+299, -1.41679136413986e+158,  -1.3051701099136e+102, 3.69118069656697e+86, -7.39877605010878e-131,  1.85176081591259e-104, -6.55865331872534e-199, -8.23853004745902e-257 ), restmp = c(-4.26535585626031e-172, -4.91159339879264e+144,  NaN, -5.78033365502816e+47, 3.14543417671943e+71, 1.45707072314645e-150,  -1.49647307269512e+55, 3.17593602330385e+283, -8.03700930127113e-63,  NaN, -6.8764198779315e+114, NaN, 6.06514241082836e-274, -Inf),      tol = 1.4159441060142e+28, wht = c(-4.40542167393296e-65,      9.93765015009146e+292, 2.32002580293826e+83, -3.79864241792839e-121,      1.8883108834625e-213, 2.45400007991628e-127, -5.16833556972955e+138,      -6.51850214476773e+234, 5.70876483084426e+39, -1925.98874452245,      3.40619744136121e+177, 3.79124675916177e-141, -3.78688578449402e-26,      6.67997172957005e+201, 1.9529638921179e-225, 3.6712239261411e+174,      -6.02246826322777e+297, NA, -3.64068544838652e+264, -1.02667353736304e+221,      -4.93898503461023e-292, 1.18829283671081e+83, 4.54940249892308e+83,      6.14545433376592e-207, 2.68266245762969e+268, -1.49404189804505e+247,      7.68738535365778e-208, NaN, -1.21095565819795e-290, -9.56764834309804e-120,      -1.23782442780946e+306, -6.58679767209119e-128, 6.87917021540263e+136,      -4.09753193092625e-228, 5.93333407886065e-215, 2.89107199791954e+289,      -1.646287653183e+219, 2.77718146285877e+36, 9.30500924864227e-126,      -8.40171409844756e-48, -8.72773219496197e-222, 4.27064912662926e+243,      7.56179477482992e+267, 1.4852464645177e-139, 4.58275012087099e+262,      NA, -8.2398052672162e-124, -1.61625624077693e-196, Inf, NaN,      3.46444855761134e-66, 0), x = c(-3.7700087602161e-227, -8.3402668372068e-233,      -1.24281289757618e-05, -28840.7333121822, -4.37727353720647e+254,      3.13654211800681e-85, -3.76231422108544e+52, -6.31741617770852e-211,      -8.66993844078321e+261, 1.1117441654849e+142, 5.10689771366304e-129,      -1.46036036480052e+48, 1.71257617800484e-283, -9.08327952567724e+305,      -1.30600670447582e+305, 1.08926338651709e-148, 2.71680934568034e+132,      -5.8032823387494e-11, -2.85872975931615e+241, -7.74791560420897e-19,      -9.59397749615236e+77, 4.83971411050934e+69, -5.45477334000085e-271,      -2.48862746970432e-42, 3.28210348026581e+35, 4.67312596346647e-145,      -9.18314541720968e-128, 2.07710254085057e-65, -1.90197028346882e+30,      1.19058790091003e-171, 2.24342656898717e+49, -4.13174446269019e+86,      -6.83525687300405e-232, -3.42166300853448e-276, 1.24500067690926e+209,      -8.58092169705662e-211, 2.18255179229511e-73, -3.5933569953196e+93,      3.71869252186039e+26, 4.78749787213883e+73, -1.50202045722572e-46,      3.23818628153062, -1.01182702701194e+40, 1.05564639719395e+45,      1.31617302300027e+270, -9.09121323093162e+39, -2.56666228947278e-219,      7.83884524627882e+64))
result <- do.call(GeDS:::Knotnewtest,testlist)
str(result)