testlist <- list(m_x = -1859597763L, m_y = -549681788L, m_z = -1070372876L,      x = c(8.82592347671921e-302, 4.99548849597321e-95, 5.09509648494295e+113,      6.11559150482374e+206, 6.21080543716767e-28, -2.98813850621018e+134,      -3.44127718415016e+301, -1.97253840342105e-117, -4.69006486230076e+110,      -1.13077847481375e-20, -1.16200451359506e-125, 2.55483466715197e-237,      4.18514429652028e-67, 5.98063561314709e+73, 7.97638345190932e-48,      1.20125663510036e-32, -1.52915242446116e+251, 2.74496752756782e-297,      2.64292882160331e+95, 4.21142684608546e-21, -2.29433777368947e-157,      -3.97512670727897e-301, -2.92346061784112e-289, 2.48752210522486e+161,      1.43586404840515e-89, -1.33704428727772e+194, -7.73398886741288e+282,      NA, 1.44045774904935e+73, -1.85068835216559e-238, -4.69006486230076e+110,      -3.21269602907983e-172, -7.11078000582086e+208, 5.31395123529955e-81,      6.06343617012459e+145, -1.57093635147772e-148, 1.1399087198064e-257,      -1.63957689609592e-96, -2.70918677466516e-305, -5.97701647544473e-32,      3.44067941179537e-40, 2.76101287800717e+304, -1.17411412301873e+293,      -1.29488437031764e-283, -1.39700607507214e-60, -3.22657941745051e-51,      -2.97341175222026e+30, -9.88582495017961e-133, 3.36112989811103e-124,      1.91212914000973e-229, -1.7291584734257e+161, NaN, 2.05928074797274e-289,      7.46010922595684e+295, -6.15053170035698e+263, 1.10554739808513e-142,      -2.00587627886937e+44, -2.01528729984955e-47, 1.15282910319545e-200,      6.78386434193649e-232, 1.75054948149656e-298, -8.70395948872901e+86,      -1.79142423976848e-215, -3.53028280702964e-130, -1.70974254008687e-28,      -Inf, -1.93439768982144e+86, -4.17261278312565e+52, 6.14178528387264e-42,      -3.68116186376637e+160, 1.52257495793071e+104, 1.92497381200782e+152,      -8.97493088506039e-100, 3.27833168318218e+289, 1.13093754719723e+187,      -1.08271386035669e+245, 1.70780109337848e-272, -1.86956797758483e+53,      5.16087168199402e-63, 2.93821842912248e-193, -8.94451584374888e-234,      1.09114011997366e+171, -3.21500146243675e+248, -2.82295543251069e+169,      9.04471890685801e-217, -5.71119903344189e-294, 6.55010771863356e-85,      2.94078692081605e+77, 1.58094611058452e-217, -1.47006653208424e-78,      1.39423405023928e+299, -4.66305918040694e+215, 6.45193293708827e+291,      -2.19680778440972e+139, -5981488934403.28, -1.42865094647664e+200,      0), y = c(-4.9278348292533e+240, -1.98870451899581e-295,      7.0706834268365e-183, 1701.34034083556, 5.95825602520319e-257,      -5.70584884218802e+83, 3.26644374974105e+279, -1.59700867782767e-248,      -7.49051031745688e-60, 1.35462217627719e-207, -6.55364531642535e+64,      -2.65294411450132e-31, -5.65065771717976e+285, -1.26763000549239e+252,      NaN, 1.17082341213049e-268, 1.77081722233219e+110, 1.75311172748664e-158,      Inf, -3.72635276663609e-198, 1.62443580101848e-306, -1.99236929746464e+84,      -1.3001607325417e+230, -8.94585434693813e-282, 1.10801559276554e+283,      -4.72016458723062e+51, 6.62525976677238e+91, -2.65894597110849e+241,      -1.29497158934482e+90, NaN, -2.86546121882541e-61, 2.52482968515045e+298,      2.72697172887252e-137, -1.12917033958711e-256, -Inf, -7.9658182476348e-291,      4.23024717268122e+151, 5.56623737461477e+121, 7.19838999598719e+142,      -1.18118494039471e+120, 1.10934536230507e-223, -4.58716252122497e+30,      7.00462558939718e+148, 3.11747748450804e+71, 2.04426580155357e-189,      4.74637108239554e-95, 9.49261946558162e-231, 1.72521525187145e-68,      1.79158383082e+25, -4.80113869182921e+114, -1.25404476427112e-07,      -1.42530286624929e+214, 2.81344351690485e-248, 3.80481495847445e+230,      -Inf, 2.55254602856149e+241, -9.59364591862693e-141, -1.53335754554019e-175,      -71267724090.5151, -2.11844818167104e+229, 2.4142651757752e-150,      -1.82804797016955e+22, -3.94122354853808e-149, -3.08852017509963e+272,      -8.90010256283063e+265, -3.01360773474529e+208, -1.56196013724836e+88,      -32546598891808180, 2.08367364682108e-53, -7.96756389861084e-151,      -4.39007280728561e+164, -2.94461537342603e-205, -1.23802630556186e-197,      -5.78327987159305e-205, -2.1808105556282e-26, -4.57621396064741e-46,      4.64261021860777e+33, -1.18404138834801e+94, -6.26717309238205e+127,      -1.36796552164543e+247, -2.67407777997636e-22, -1.59732375961131e+77,      -1.28079798934704e-98, 1.65496854341715e-146, -5.58741390655529e-37,      -4.77354051062332e-306, 2.61002639046209e-286, -2.12959225289479e-250,      -4.46469304324605e-216, 0), z = c(-1.39167109643606e-173,      9.08300228073798e-264, -6.40081293800212e+45, -6.17187718180081e-281,      -4.96829389277264e-201, 5.26494176307603e+290, 5.48960748539791e-102,      4.35050497145313e-88, -9.47082596317753e-129, -3.07586876215248e+91,      1.38013572704167e-174, 8.2919413876194e+209, -3.25132181141102e+170,      -1.55221184639531e+195, -1.01923461779018e+155, Inf, 8.22349505475877e+133,      -2.79370930726726e-89, -1.10377358709178e-48, 4.530664352304e-203,      -8.64249924168505e-45, 4.03726427952434e-199, -9.22537093652763e-245,      -7.27428940263226e-100, -3.80607697634706e-81, -7.57435441423669e-280,      -4.63576033045905e-98, -3.76174236159571e-26, 3.89882438136361e+44,      1.1335081216604e+150, 1.65797748232445e+281, 8.91450444950795e-179,      -1.53550437795601e+28, 4.59295050150845e+248, -2.32574330320887e+181,      1.29489939019884e-268, 1.85125590757319e+288, 8.2781100800083e-141,      9.48964901552651e-253, 8.14065175762936e-111, 3.47167505847798e-69,      -4.71727649899598e+273, -3.41029128994354e+289, 1.57773914903035e-149,      1.86880509451413e-07, -1.26122119456266e+251, 2.69785337321296e-221,      5.66332784300157e-153, 5.68679949419173e-12, -4.28545417884322e-79,      9.59958847449092e+227, 5.6482237405276e+168, Inf, -5.27630526262307e-253,      5.6697532482924e-219, -3.15835456520811e+100, -7.10557988241227e-100,      -1.83343072268979e+182, -11629.0601528309, -1.07855316196763e+164,      -1.92942350597015e+217, 9.28883800757805e+231, -1.1661476656233e+129,      2.45373943109909e+135, 4.06004759584681e+49, -7.25339410874468e+21,      5.54837993882998e-157, -4.62342740436988e-12, 5.06081633193043e+250,      -5.13344562222009e+61, 6.82402118546706e+92, -Inf, -5.27719592576487e-92,      -2.82140033227255e+264, -5.4694388103875e-120, 6.07387642628035e+40,      -3.41029128994354e+289, -6.15001084563511e-89, -1.9573594441675e-123,      7.43507167229703e+214, 1.25728209554029e+195, -4.51643966872892e+106,      -2.48827485392707e-39, 0))
result <- do.call(BNSL:::MDL_cmi,testlist)
str(result)